1.000000000000000021e-03
1.013925407558815411e-03
1.028044732093309679e-03
1.042360673976401152e-03
1.056875971184803890e-03
1.071593399822671090e-03
1.086515774652538433e-03
1.101645949633656921e-03
1.116986818467822530e-03
1.132541315152811546e-03
1.148312414543511137e-03
1.164303132920876775e-03
1.180516528568805422e-03
1.196955702359042868e-03
1.213623798344240588e-03
1.230524004359261634e-03
1.247659552630869806e-03
1.265033720395903781e-03
1.282649830528059809e-03
1.300511252173408528e-03
1.318621401394748458e-03
1.336983741824946661e-03
1.355601785329368925e-03
1.374479092677536717e-03
1.393619274224142113e-03
1.413025990599533653e-03
1.432702953409831009e-03
1.452653925946781202e-03
1.472882723907501879e-03
1.493393216124251719e-03
1.514189325304352018e-03
1.535275028780422714e-03
1.556654359271062099e-03
1.578331405652118108e-03
1.600310313738700137e-03
1.622595287078087110e-03
1.645190587753662514e-03
1.668100537200059011e-03
1.691329517029648791e-03
1.714881969870539046e-03
1.738762400216250364e-03
1.762975375287205784e-03
1.787525525904235402e-03
1.812417547374237711e-03
1.837656200388170478e-03
1.863246311931559835e-03
1.889192776207666326e-03
1.915500555573527823e-03
1.942174681489026522e-03
1.969220255479171497e-03
1.996642450109793483e-03
2.024446509976803900e-03
2.052637752709252084e-03
2.081221569986339229e-03
2.110203428568596575e-03
2.139588871343421454e-03
2.169383518385184159e-03
2.199593068030074750e-03
2.230223297965938743e-03
2.261280066337279480e-03
2.292769312865648810e-03
2.324697059985647660e-03
2.357069413996727789e-03
2.389892566231050126e-03
2.423172794237600514e-03
2.456916462982790088e-03
2.491130026067788373e-03
2.525820026962784671e-03
2.560993100258459210e-03
2.596655972934872221e-03
2.632815465648019864e-03
2.669478494034320699e-03
2.706652070033241288e-03
2.744343303228365376e-03
2.782559402207125665e-03
2.821307675939470523e-03
2.860595535175741895e-03
2.900430493863991651e-03
2.940820170587063812e-03
2.981772290019673362e-03
3.023294684405776131e-03
3.065395295056526793e-03
3.108082173869063970e-03
3.151363484866479339e-03
3.195247505759213607e-03
3.239742629528195514e-03
3.284857366030043482e-03
3.330600343624588386e-03
3.376980310825091272e-03
3.424006137971425789e-03
3.471686818926559247e-03
3.520031472796678832e-03
3.569049345675229679e-03
3.618749812411280273e-03
3.669142378402494038e-03
3.720236681413065759e-03
3.772042493416997554e-03
3.824569722466999305e-03
3.877828414589457214e-03
3.931828755705770589e-03
3.986581073580438943e-03
4.042095839796306170e-03
4.098383671757261509e-03
4.155455334718875619e-03
4.213321743847289226e-03
4.271993966306776754e-03
4.331483223376398663e-03
4.391800892596085977e-03
4.452958509942655727e-03
4.514967772036101654e-03
4.577840538376616412e-03
4.641588833612777208e-03
4.706224849841281720e-03
4.771760948938746048e-03
4.838209664925957609e-03
4.905583706365045267e-03
4.973895958790062848e-03
5.043159487171358993e-03
5.113387538414325764e-03
5.184593543892912840e-03
5.256791122018419048e-03
5.329994080844087725e-03
5.404216420705915298e-03
5.479472336900287170e-03
5.555776222398878077e-03
5.633142670601352063e-03
5.711586478126434545e-03
5.791122647641758041e-03
5.871766390733255264e-03
5.953533130814370189e-03
6.036438506075863381e-03
6.120498372476702517e-03
6.205728806776500406e-03
6.292146109610343568e-03
6.379766808606282015e-03
6.468607661546327617e-03
6.558685659571435525e-03
6.650018030431118291e-03
6.742622241778342337e-03
6.836516004510238484e-03
6.931717276155407136e-03
7.028244264308352446e-03
7.126115430111745405e-03
7.225349491787214085e-03
7.325965428215230023e-03
7.427982482564918221e-03
7.531420165974375344e-03
7.636298261282241200e-03
7.742636826811269413e-03
7.850456200204509669e-03
7.959777002314986222e-03
8.070620141149507584e-03
8.183006815867388886e-03
8.296958520834906564e-03
8.412497049736117685e-03
8.529644499741025759e-03
8.648423275731726215e-03
8.768856094587426653e-03
8.890965989529158939e-03
9.014776314524916914e-03
9.140310748756232812e-03
9.267593301146882789e-03
9.396648314954691300e-03
9.527500472427289507e-03
9.660174799522644809e-03
9.794696670695395360e-03
9.931091813749801447e-03
1.006938631476027649e-02
1.020960662306046561e-02
1.035177955630176179e-02
1.049593230558227598e-02
1.064209244064724148e-02
1.079028791516184124e-02
1.094054707205742438e-02
1.109289864895222737e-02
1.124737178364751920e-02
1.140399601970032428e-02
1.156280131207376022e-02
1.172381803286598467e-02
1.188707697711903315e-02
1.205260936870842549e-02
1.222044686631488034e-02
1.239062156947916271e-02
1.256316602474120796e-02
1.273811323186478488e-02
1.291549665014883955e-02
1.309535020482666991e-02
1.327770829355429810e-02
1.346260579298910395e-02
1.365007806546013856e-02
1.384016096573131502e-02
1.403289084785872345e-02
1.422830457214352591e-02
1.442643951218158110e-02
1.462733356201129792e-02
1.483102514336104467e-02
1.503755321299737706e-02
1.524695727017573790e-02
1.545927736419477720e-02
1.567455410205595076e-02
1.589282865622978005e-02
1.611414277253019056e-02
1.633853877809861299e-02
1.656605958949914498e-02
1.679674872092653051e-02
1.703065029252844378e-02
1.726780903884355886e-02
1.750827031735724404e-02
1.775208011717635190e-02
1.799928506782476345e-02
1.824993244816152174e-02
1.850407019542302245e-02
1.876174691439120440e-02
1.902301188668944695e-02
1.928791508020777715e-02
1.955650715865949255e-02
1.982883949127071249e-02
2.010496416260498104e-02
2.038493398252463201e-02
2.066880249629082095e-02
2.095662399480432980e-02
2.124845352498882720e-02
2.154434690031883232e-02
2.184436071149427339e-02
2.214855233726359396e-02
2.245697995539773853e-02
2.276970255381680075e-02
2.308677994187168653e-02
2.340827276178293267e-02
2.373424250023867602e-02
2.406475150015424322e-02
2.439986297259550199e-02
2.473964100886812817e-02
2.508415059277539771e-02
2.543345761304649510e-02
2.578762887593800956e-02
2.614673211801091940e-02
2.651083601908537507e-02
2.688001021537606006e-02
2.725432531281029094e-02
2.763385290053169824e-02
2.801866556459195468e-02
2.840883690183302474e-02
2.880444153396296419e-02
2.920555512182746588e-02
2.961225437988034351e-02
3.002461709085549324e-02
3.044272212064302874e-02
3.086664943337272954e-02
3.129648010670751934e-02
3.173229634734976018e-02
3.217418150676371741e-02
3.262222009711669701e-02
3.307649780744240792e-02
3.353710152002930406e-02
3.400411932703706341e-02
3.447764054734463873e-02
3.495775574363275268e-02
3.544455673970433457e-02
3.593813663804627800e-02
3.643858983763544057e-02
3.694601205199302130e-02
3.746050032748993175e-02
3.798215306190734497e-02
3.851107002325570433e-02
3.904735236885559929e-02
3.959110266468458816e-02
4.014242490499321525e-02
4.070142453219436490e-02
4.126820845702953988e-02
4.184288507901582493e-02
4.242556430717776828e-02
4.301635758106794882e-02
4.361537789208003169e-02
4.422273980505899565e-02
4.483855948021188420e-02
4.546295469532399269e-02
4.609604486828433600e-02
4.673795107992460840e-02
4.738879609717653457e-02
4.804870439655131720e-02
4.871780218794630885e-02
4.939621743878320342e-02
5.008407989848209785e-02
5.078152112327673218e-02
5.148867450137494667e-02
5.220567527846975420e-02
5.293266058360561466e-02
5.366976945540476163e-02
5.441714286865890343e-02
5.517492376129125992e-02
5.594325706169377133e-02
5.672228971644543288e-02
5.751217071841613349e-02
5.831305113526221579e-02
5.912508413831878140e-02
5.994842503189408423e-02
6.078323128297229844e-02
6.162966255132942134e-02
6.248788072006890987e-02
6.335804992658250478e-02
6.424033659394190465e-02
6.513490946272802729e-02
6.604193962330305590e-02
6.696160054853218802e-02
6.789406812696109628e-02
6.883952069645496441e-02
6.979813907830660635e-02
7.077010661181890039e-02
7.175560918936924049e-02
7.275483529196229149e-02
7.376797602527734865e-02
7.479522515621821188e-02
7.583677914997190295e-02
7.689283720758309515e-02
7.796360130405233235e-02
7.904927622696424072e-02
8.015006961565404597e-02
8.126619200091945994e-02
8.239785684528515286e-02
8.354528058382866551e-02
8.470868266557406157e-02
8.588828559546249353e-02
8.708431497690724554e-02
8.829699955494087205e-02
8.952657125996396625e-02
9.077326525210228925e-02
9.203731996618221001e-02
9.331897715733238063e-02
9.461848194721997340e-02
9.593608287093141618e-02
9.727203192450542546e-02
9.862658461312820424e-02
1.000000000000000056e-01
1.013925407558815273e-01
1.028044732093309765e-01
1.042360673976401170e-01
1.056875971184804003e-01
1.071593399822671072e-01
1.086515774652538346e-01
1.101645949633656973e-01
1.116986818467822634e-01
1.132541315152811451e-01
1.148312414543511129e-01
1.164303132920876810e-01
1.180516528568805595e-01
1.196955702359042834e-01
1.213623798344240501e-01
1.230524004359261625e-01
1.247659552630869806e-01
1.265033720395903893e-01
1.282649830528059809e-01
1.300511252173408572e-01
1.318621401394748371e-01
1.336983741824946670e-01
1.355601785329368925e-01
1.374479092677536596e-01
1.393619274224142113e-01
1.413025990599533765e-01
1.432702953409830948e-01
1.452653925946781333e-01
1.472882723907501801e-01
1.493393216124251910e-01
1.514189325304352018e-01
1.535275028780422601e-01
1.556654359271061883e-01
1.578331405652118047e-01
1.600310313738700085e-01
1.622595287078087145e-01
1.645190587753662392e-01
1.668100537200059019e-01
1.691329517029648843e-01
1.714881969870539202e-01
1.738762400216250503e-01
1.762975375287205715e-01
1.787525525904235524e-01
1.812417547374237659e-01
1.837656200388170513e-01
1.863246311931559818e-01
1.889192776207666291e-01
1.915500555573527719e-01
1.942174681489026444e-01
1.969220255479171566e-01
1.996642450109793465e-01
2.024446509976803865e-01
2.052637752709252084e-01
2.081221569986339281e-01
2.110203428568594441e-01
2.139588871343421350e-01
2.169383518385184229e-01
2.199593068030074872e-01
2.230223297965938656e-01
2.261280066337277295e-01
2.292769312865648723e-01
2.324697059985647851e-01
2.357069413996727703e-01
2.389892566231050230e-01
2.423172794237598293e-01
2.456916462982789984e-01
2.491130026067788494e-01
2.525820026962784515e-01
2.560993100258459609e-01
2.596655972934869827e-01
2.632815465648020159e-01
2.669478494034320804e-01
2.706652070033241375e-01
2.744343303228365394e-01
2.782559402207125943e-01
2.821307675939470627e-01
2.860595535175741722e-01
2.900430493863991321e-01
2.940820170587063465e-01
2.981772290019673588e-01
3.023294684405776200e-01
3.065395295056526637e-01
3.108082173869063936e-01
3.151363484866478992e-01
3.195247505759213347e-01
3.239742629528195583e-01
3.284857366030043413e-01
3.330600343624588455e-01
3.376980310825091203e-01
3.424006137971425390e-01
3.471686818926559281e-01
3.520031472796678607e-01
3.569049345675229801e-01
3.618749812411280464e-01
3.669142378402494020e-01
3.720236681413066071e-01
3.772042493416997710e-01
3.824569722466998889e-01
3.877828414589457595e-01
3.931828755705770173e-01
3.986581073580438561e-01
4.042095839796305823e-01
4.098383671757261371e-01
4.155455334718874960e-01
4.213321743847288636e-01
4.271993966306776302e-01
4.331483223376398350e-01
4.391800892596086081e-01
4.452958509942655518e-01
4.514967772036102001e-01
4.577840538376616308e-01
4.641588833612777520e-01
4.706224849841281754e-01
4.771760948938745805e-01
4.838209664925957054e-01
4.905583706365045371e-01
4.973895958790062743e-01
5.043159487171359201e-01
5.113387538414325695e-01
5.184593543892912493e-01
5.256791122018424911e-01
5.329994080844088211e-01
5.404216420705915125e-01
5.479472336900287344e-01
5.555776222398878250e-01
5.633142670601357649e-01
5.711586478126429167e-01
5.791122647641757659e-01
5.871766390733255125e-01
5.953533130814370189e-01
6.036438506075869626e-01
6.120498372476697035e-01
6.205728806776500406e-01
6.292146109610343707e-01
6.379766808606281980e-01
6.468607661546327270e-01
6.558685659571428239e-01
6.650018030431118499e-01
6.742622241778342129e-01
6.836516004510237998e-01
6.931717276155406893e-01
7.028244264308345368e-01
7.126115430111745752e-01
7.225349491787214085e-01
7.325965428215229780e-01
7.427982482564918776e-01
7.531420165974367364e-01
7.636298261282241651e-01
7.742636826811269968e-01
7.850456200204508628e-01
7.959777002314986083e-01
8.070620141149499327e-01
8.183006815867389649e-01
8.296958520834906148e-01
8.412497049736118448e-01
8.529644499741024788e-01
8.648423275731718096e-01
8.768856094587426098e-01
8.890965989529158175e-01
9.014776314524917122e-01
9.140310748756231840e-01
9.267593301146883622e-01
9.396648314954690884e-01
9.527500472427290479e-01
9.660174799522646127e-01
9.794696670695395291e-01
9.931091813749800545e-01
1.006938631476027135e+00
1.020960662306046540e+00
1.035177955630176339e+00
1.049593230558227619e+00
1.064209244064724613e+00
1.079028791516183583e+00
1.094054707205742494e+00
1.109289864895222744e+00
1.124737178364751955e+00
1.140399601970033094e+00
1.156280131207375383e+00
1.172381803286598467e+00
1.188707697711903322e+00
1.205260936870842681e+00
1.222044686631488686e+00
1.239062156947915661e+00
1.256316602474120137e+00
1.273811323186478495e+00
1.291549665014884107e+00
1.309535020482667678e+00
1.327770829355429116e+00
1.346260579298909521e+00
1.365007806546013835e+00
1.384016096573131627e+00
1.403289084785873220e+00
1.422830457214351974e+00
1.442643951218157250e+00
1.462733356201129764e+00
1.483102514336104294e+00
1.503755321299738323e+00
1.524695727017572944e+00
1.545927736419477005e+00
1.567455410205595090e+00
1.589282865622978047e+00
1.611414277253019778e+00
1.633853877809861910e+00
1.656605958949913582e+00
1.679674872092653093e+00
1.703065029252844420e+00
1.726780903884356011e+00
1.750827031735725070e+00
1.775208011717634093e+00
1.799928506782476401e+00
1.824993244816152327e+00
1.850407019542302134e+00
1.876174691439121522e+00
1.902301188668943821e+00
1.928791508020777812e+00
1.955650715865949074e+00
1.982883949127071332e+00
2.010496416260499242e+00
2.038493398252462008e+00
2.066880249629082122e+00
2.095662399480433091e+00
2.124845352498883067e+00
2.154434690031884259e+00
2.184436071149426173e+00
2.214855233726359174e+00
2.245697995539774006e+00
2.276970255381679742e+00
2.308677994187169791e+00
2.340827276178291783e+00
2.373424250023866033e+00
2.406475150015424003e+00
2.439986297259550074e+00
2.473964100886814066e+00
2.508415059277538717e+00
2.543345761304648178e+00
2.578762887593800901e+00
2.614673211801092023e+00
2.651083601908538867e+00
2.688001021537604895e+00
2.725432531281027693e+00
2.763385290053169907e+00
2.801866556459195134e+00
2.840883690183304111e+00
2.880444153396297668e+00
2.920555512182744895e+00
2.961225437988034503e+00
3.002461709085549213e+00
3.044272212064302874e+00
3.086664943337274369e+00
3.129648010670750491e+00
3.173229634734976212e+00
3.217418150676371713e+00
3.262222009711669646e+00
3.307649780744242651e+00
3.353710152002928879e+00
3.400411932703705897e+00
3.447764054734463901e+00
3.495775574363275240e+00
3.544455673970435594e+00
3.593813663804625858e+00
3.643858983763544224e+00
3.694601205199302463e+00
3.746050032748993175e+00
3.798215306190736218e+00
3.851107002325568907e+00
3.904735236885560123e+00
3.959110266468458761e+00
4.014242490499321470e+00
4.070142453219438572e+00
4.126820845702951601e+00
4.184288507901579912e+00
4.242556430717777438e+00
4.301635758106795215e+00
4.361537789208005833e+00
4.422273980505896596e+00
4.483855948021186144e+00
4.546295469532399380e+00
4.609604486828433600e+00
4.673795107992464004e+00
4.738879609717651320e+00
4.804870439655129388e+00
4.871780218794630635e+00
4.939621743878320537e+00
5.008407989848212338e+00
5.078152112327670942e+00
5.148867450137492696e+00
5.220567527846974976e+00
5.293266058360560855e+00
5.366976945540476329e+00
5.441714286865892980e+00
5.517492376129123244e+00
5.594325706169377632e+00
5.672228971644543094e+00
5.751217071841614015e+00
5.831305113526224382e+00
5.912508413831875309e+00
5.994842503189408589e+00
6.078323128297229871e+00
6.162966255132942273e+00
6.248788072006894012e+00
6.335804992658247592e+00
6.424033659394190465e+00
6.513490946272802340e+00
6.604193962330305645e+00
6.696160054853222299e+00
6.789406812696105575e+00
6.883952069645496330e+00
6.979813907830659581e+00
7.077010661181889262e+00
7.175560918936928267e+00
7.275483529196224985e+00
7.376797602527730646e+00
7.479522515621821022e+00
7.583677914997190683e+00
7.689283720758313123e+00
7.796360130405228794e+00
7.904927622696420464e+00
8.015006961565404708e+00
8.126619200091944606e+00
8.239785684528520449e+00
8.354528058382863165e+00
8.470868266557403103e+00
8.588828559546248798e+00
8.708431497690723333e+00
8.829699955494092478e+00
8.952657125996392296e+00
9.077326525210223096e+00
9.203731996618220279e+00
9.331897715733239451e+00
9.461848194722001892e+00
9.593608287093147169e+00
9.727203192450536662e+00
9.862658461312820535e+00
1.000000000000000000e+01
1.013925407558814307e+01
1.028044732093309754e+01
1.042360673976401131e+01
1.056875971184805074e+01
1.071593399822671167e+01
1.086515774652537303e+01
1.101645949633656940e+01
1.116986818467822573e+01
1.132541315152812622e+01
1.148312414543511117e+01
1.164303132920875683e+01
1.180516528568805512e+01
1.196955702359042739e+01
1.213623798344241678e+01
1.230524004359261525e+01
1.247659552630868518e+01
1.265033720395903849e+01
1.282649830528059809e+01
1.300511252173409815e+01
1.318621401394748460e+01
1.336983741824945149e+01
1.355601785329368880e+01
1.374479092677536585e+01
1.393619274224143467e+01
1.413025990599533621e+01
1.432702953409829405e+01
1.452653925946781222e+01
1.472882723907501834e+01
1.493393216124253264e+01
1.514189325304351996e+01
1.535275028780421103e+01
1.556654359271061949e+01
1.578331405652116537e+01
1.600310313738701851e+01
1.622595287078087267e+01
1.645190587753660694e+01
1.668100537200059108e+01
1.691329517029646823e+01
1.714881969870540956e+01
1.738762400216250370e+01
1.762975375287203761e+01
1.787525525904235479e+01
1.812417547374235838e+01
1.837656200388172323e+01
1.863246311931559873e+01
1.889192776207664437e+01
1.915500555573527919e+01
1.942174681489024479e+01
1.969220255479173431e+01
1.996642450109793288e+01
2.024446509976801778e+01
2.052637752709252084e+01
2.081221569986337272e+01
2.110203428568596351e+01
2.139588871343421417e+01
2.169383518385182086e+01
2.199593068030074861e+01
2.230223297965936169e+01
2.261280066337279493e+01
2.292769312865648601e+01
2.324697059985650327e+01
2.357069413996727647e+01
2.389892566231047866e+01
2.423172794237600769e+01
2.456916462982790250e+01
2.491130026067791192e+01
2.525820026962784581e+01
2.560993100258456678e+01
2.596655972934872381e+01
2.632815465648019781e+01
2.669478494034323646e+01
2.706652070033241131e+01
2.744343303228362529e+01
2.782559402207125743e+01
2.821307675939470627e+01
2.860595535175744786e+01
2.900430493863991543e+01
2.940820170587060645e+01
2.981772290019673477e+01
3.023294684405776422e+01
3.065395295056529790e+01
3.108082173869063780e+01
3.151363484866476128e+01
3.195247505759213524e+01
3.239742629528195295e+01
3.284857366030046677e+01
3.330600343624588788e+01
3.376980310825087628e+01
3.424006137971425545e+01
3.471686818926559681e+01
3.520031472796682692e+01
3.569049345675229290e+01
3.618749812411276423e+01
3.669142378402494131e+01
3.720236681413065583e+01
3.772042493417001197e+01
3.824569722466998911e+01
3.877828414589453132e+01
3.931828755705770106e+01
3.986581073580438783e+01
4.042095839796309775e+01
4.098383671757261482e+01
4.155455334718870830e+01
4.213321743847289014e+01
4.271993966306776258e+01
4.331483223376402947e+01
4.391800892596086214e+01
4.452958509942650522e+01
4.514967772036101934e+01
4.577840538376616308e+01
4.641588833612782139e+01
4.706224849841281355e+01
4.771760948938740654e+01
4.838209664925957298e+01
4.905583706365045771e+01
4.973895958790068050e+01
5.043159487171358535e+01
5.113387538414320943e+01
5.184593543892913203e+01
5.256791122018419316e+01
5.329994080844092963e+01
5.404216420705915169e+01
5.479472336900281704e+01
5.555776222398877451e+01
5.633142670601351654e+01
5.711586478126434940e+01
5.791122647641758192e+01
5.871766390733249352e+01
5.953533130814370367e+01
6.036438506075863586e+01
6.120498372476702542e+01
6.205728806776500761e+01
6.292146109610337845e+01
6.379766808606282069e+01
6.468607661546320742e+01
6.558685659571435167e+01
6.650018030431118632e+01
6.742622241778335024e+01
6.836516004510238531e+01
6.931717276155400498e+01
7.028244264308352740e+01
7.126115430111745752e+01
7.225349491787206091e+01
7.325965428215229736e+01
7.427982482564910072e+01
7.531420165974375891e+01
7.636298261282242095e+01
7.742636826811278183e+01
7.850456200204509116e+01
7.959777002314977778e+01
8.070620141149507276e+01
8.183006815867389605e+01
8.296958520834914452e+01
8.412497049736117560e+01
8.529644499741016261e+01
8.648423275731727244e+01
8.768856094587427208e+01
8.890965989529166791e+01
9.014776314524917211e+01
9.140310748756222381e+01
9.267593301146882823e+01
9.396648314954690306e+01
9.527500472427300338e+01
9.660174799522646083e+01
9.794696670695385876e+01
9.931091813749800679e+01
1.006938631476027126e+02
1.020960662306047482e+02
1.035177955630176285e+02
1.049593230558226651e+02
1.064209244064724658e+02
1.079028791516183645e+02
1.094054707205743568e+02
1.109289864895222735e+02
1.124737178364750747e+02
1.140399601970033103e+02
1.156280131207375348e+02
1.172381803286599791e+02
1.188707697711903251e+02
1.205260936870841419e+02
1.222044686631488730e+02
1.239062156947915696e+02
1.256316602474121424e+02
1.273811323186478432e+02
1.291549665014882748e+02
1.309535020482667562e+02
1.327770829355428930e+02
1.346260579298910898e+02
1.365007806546013853e+02
1.384016096573130028e+02
1.403289084785873229e+02
1.422830457214352009e+02
1.442643951218158804e+02
1.462733356201129880e+02
1.483102514336102900e+02
1.503755321299738341e+02
1.524695727017573006e+02
1.545927736419478435e+02
1.567455410205595001e+02
1.589282865622976431e+02
1.611414277253019804e+02
1.633853877809860364e+02
1.656605958949915305e+02
1.679674872092653288e+02
1.703065029252842635e+02
1.726780903884356064e+02
1.750827031735723267e+02
1.775208011717635941e+02
1.799928506782476347e+02
1.824993244816150479e+02
1.850407019542302010e+02
1.876174691439119613e+02
1.902301188668945713e+02
1.928791508020777599e+02
1.955650715865947120e+02
1.982883949127071332e+02
2.010496416260496915e+02
2.038493398252464033e+02
2.066880249629082016e+02
2.095662399480430906e+02
2.124845352498882960e+02
2.154434690031882269e+02
2.184436071149428358e+02
2.214855233726359245e+02
2.245697995539771625e+02
2.276970255381679920e+02
2.308677994187167428e+02
2.340827276178294198e+02
2.373424250023866193e+02
2.406475150015421605e+02
2.439986297259550270e+02
2.473964100886811650e+02
2.508415059277541275e+02
2.543345761304648249e+02
2.578762887593803725e+02
2.614673211801091952e+02
2.651083601908536025e+02
2.688001021537607471e+02
2.725432531281027764e+02
2.763385290053172412e+02
2.801866556459195294e+02
2.840883690183301269e+02
2.880444153396297793e+02
2.920555512182745019e+02
2.961225437988037470e+02
3.002461709085549160e+02
3.044272212064299765e+02
3.086664943337274281e+02
3.129648010670750296e+02
3.173229634734979641e+02
3.217418150676371624e+02
3.262222009711666715e+02
3.307649780744242207e+02
3.353710152002929021e+02
3.400411932703709681e+02
3.447764054734464025e+02
3.495775574363271403e+02
3.544455673970435328e+02
3.593813663804625662e+02
3.643858983763548167e+02
3.694601205199302285e+02
3.746050032748989338e+02
3.798215306190735987e+02
3.851107002325568942e+02
3.904735236885563836e+02
3.959110266468458690e+02
4.014242490499318023e+02
4.070142453219438607e+02
4.126820845702951601e+02
4.184288507901584353e+02
4.242556430717776834e+02
4.301635758106790490e+02
4.361537789208005620e+02
4.422273980505897271e+02
4.483855948021191011e+02
4.546295469532399238e+02
4.609604486828429231e+02
4.673795107992463613e+02
4.738879609717650965e+02
4.804870439655134078e+02
4.871780218794630741e+02
4.939621743878315669e+02
5.008407989848212196e+02
5.078152112327670693e+02
5.148867450137497599e+02
5.220567527846975509e+02
5.293266058360555917e+02
5.366976945540476436e+02
5.441714286865887971e+02
5.517492376129129070e+02
5.594325706169377099e+02
5.672228971644537978e+02
5.751217071841613233e+02
5.831305113526218520e+02
5.912508413831881171e+02
5.994842503189408944e+02
6.078323128297223548e+02
6.162966255132942024e+02
6.248788072006888115e+02
6.335804992658254378e+02
6.424033659394191318e+02
6.513490946272795554e+02
6.604193962330305112e+02
6.696160054853215797e+02
6.789406812696112183e+02
6.883952069645496294e+02
6.979813907830653079e+02
7.077010661181889191e+02
7.175560918936920416e+02
7.275483529196231984e+02
7.376797602527730078e+02
7.479522515621813454e+02
7.583677914997190328e+02
7.689283720758305662e+02
7.796360130405237214e+02
7.904927622696420713e+02
8.015006961565412666e+02
8.126619200091945459e+02
8.239785684528511638e+02
8.354528058382871905e+02
8.470868266557401967e+02
8.588828559546258248e+02
8.708431497690723972e+02
8.829699955494082815e+02
8.952657125996400964e+02
9.077326525210223735e+02
9.203731996618230369e+02
9.331897715733238101e+02
9.461848194721992513e+02
9.593608287093146600e+02
9.727203192450537017e+02
9.862658461312830696e+02
1.000000000000000000e+03
