5.999600121879559822e+00
5.999594555137941043e+00
5.999588910920081730e+00
5.999583188153262192e+00
5.999577385748204428e+00
5.999571502594582384e+00
5.999565537564283346e+00
5.999559489529408651e+00
5.999553357329799219e+00
5.999547139794222161e+00
5.999540835737583677e+00
5.999534443957679208e+00
5.999527963231970240e+00
5.999521392321691238e+00
5.999514729983156158e+00
5.999507974930849308e+00
5.999501125888848208e+00
5.999494181539511750e+00
5.999487140563502408e+00
5.999480001618724856e+00
5.999472763337107217e+00
5.999465424344246678e+00
5.999457983232386660e+00
5.999450438590600676e+00
5.999442788975514418e+00
5.999435032924812283e+00
5.999427168959990730e+00
5.999419195585302234e+00
5.999411111278428521e+00
5.999402914492971917e+00
5.999394603672167037e+00
5.999386177223913208e+00
5.999377633543439003e+00
5.999368971006266982e+00
5.999360187954779100e+00
5.999351282716560263e+00
5.999342253591259500e+00
5.999333098859905178e+00
5.999323816774891682e+00
5.999314405567965025e+00
5.999304863442971758e+00
5.999295188584702565e+00
5.999285379142778929e+00
5.999275433250731204e+00
5.999265349012291360e+00
5.999255124505772585e+00
5.999244757784146564e+00
5.999234246867735543e+00
5.999223589755381170e+00
5.999212784400173248e+00
5.999201828771773215e+00
5.999190720768612373e+00
5.999179458275144761e+00
5.999168039141761888e+00
5.999156461197420853e+00
5.999144722232712112e+00
5.999132820013854506e+00
5.999120752270677315e+00
5.999108516706508354e+00
5.999096110991279041e+00
5.999083532760920434e+00
5.999070779617899696e+00
5.999057849138365484e+00
5.999044738854154346e+00
5.999031446273553669e+00
5.999017968861302563e+00
5.999004304054447623e+00
5.998990449249462564e+00
5.998976401823287397e+00
5.998962159074783251e+00
5.998947718307197974e+00
5.998933076772511974e+00
5.998918231680030466e+00
5.998903180208620789e+00
5.998887919492537968e+00
5.998872446626398514e+00
5.998856758668559053e+00
5.998840852632490339e+00
5.998824725492418075e+00
5.998808374182269532e+00
5.998791795587828268e+00
5.998774986559396893e+00
5.998757943898521461e+00
5.998740664363746866e+00
5.998723144669077634e+00
5.998705381486292509e+00
5.998687371433097937e+00
5.998669111089732553e+00
5.998650596982853855e+00
5.998631825592785738e+00
5.998612793353755634e+00
5.998593496647237622e+00
5.998573931806319592e+00
5.998554095113084017e+00
5.998533982799940212e+00
5.998513591045456117e+00
5.998492915974296125e+00
5.998471953662390277e+00
5.998450700125900426e+00
5.998429151329521147e+00
5.998407303180814054e+00
5.998385151532284354e+00
5.998362692178241140e+00
5.998339920854386165e+00
5.998316833239381474e+00
5.998293424950415620e+00
5.998269691546828319e+00
5.998245628523329209e+00
5.998221231316018809e+00
5.998196495294821240e+00
5.998171415769522952e+00
5.998145987982045568e+00
5.998120207111366398e+00
5.998094068267128876e+00
5.998067566494150959e+00
5.998040696769472824e+00
5.998013453998892075e+00
5.997985833019040314e+00
5.997957828595823493e+00
5.997929435422354238e+00
5.997900648120051414e+00
5.997871461235749990e+00
5.997841869241566037e+00
5.997811866532873459e+00
5.997781447427911417e+00
5.997750606169495846e+00
5.997719336917339383e+00
5.997687633752331493e+00
5.997655490676128132e+00
5.997622901606795232e+00
5.997589860386881355e+00
5.997556360751048921e+00
5.997522396370209563e+00
5.997487960822313724e+00
5.997453047595857178e+00
5.997417650091164454e+00
5.997381761617653240e+00
5.997345375394095512e+00
5.997308484543300899e+00
5.997271082097442196e+00
5.997233160991243039e+00
5.997194714063413201e+00
5.997155734054405052e+00
5.997116213605312218e+00
5.997076145257212332e+00
5.997035521447307005e+00
5.996994334512201874e+00
5.996952576681535696e+00
5.996910240079465382e+00
5.996867316722581442e+00
5.996823798517786130e+00
5.996779677263130992e+00
5.996734944643143272e+00
5.996689592229422772e+00
5.996643611478418734e+00
5.996596993730204161e+00
5.996549730206292672e+00
5.996501812009540799e+00
5.996453230120666333e+00
5.996403975397996078e+00
5.996354038574719603e+00
5.996303410258686739e+00
5.996252080929200368e+00
5.996200040936711773e+00
5.996147280500299992e+00
5.996093789705467358e+00
5.996039558502734401e+00
5.995984576707586555e+00
5.995928833995986196e+00
5.995872319903379655e+00
5.995815023824819789e+00
5.995756935009575628e+00
5.995698042562064067e+00
5.995638335438872701e+00
5.995577802446837801e+00
5.995516432241917215e+00
5.995454213324520332e+00
5.995391134041895498e+00
5.995327182582130376e+00
5.995262346973012413e+00
5.995196615075178315e+00
5.995129974603132794e+00
5.995062413087649311e+00
5.994993917898129077e+00
5.994924476229408050e+00
5.994854075108194458e+00
5.994782701384675505e+00
5.994710341731471992e+00
5.994636982641792677e+00
5.994562610426958926e+00
5.994487211214203803e+00
5.994410770944194944e+00
5.994333275367830005e+00
5.994254710045421319e+00
5.994175060342429084e+00
5.994094311429128297e+00
5.994012448274314231e+00
5.993929455648192572e+00
5.993845318115511134e+00
5.993760020039386127e+00
5.993673545557984816e+00
5.993585878612512019e+00
5.993497002924652151e+00
5.993406901998115544e+00
5.993315559116592972e+00
5.993222957340696766e+00
5.993129079504330825e+00
5.993033908213055483e+00
5.992937425840574761e+00
5.992839614525681924e+00
5.992740456169865837e+00
5.992639932433045047e+00
5.992538024732341206e+00
5.992434714237299787e+00
5.992329981868047106e+00
5.992223808291324616e+00
5.992116173917553468e+00
5.992007058898151328e+00
5.991896443121314419e+00
5.991784306209164690e+00
5.991670627515301994e+00
5.991555386119887139e+00
5.991438560826926718e+00
5.991320130162116619e+00
5.991200072366618556e+00
5.991078365395997807e+00
5.990954986916196212e+00
5.990829914299048653e+00
5.990703124619403575e+00
5.990574594651262075e+00
5.990444300864238514e+00
5.990312219419945627e+00
5.990178326167812095e+00
5.990042596641415251e+00
5.989905006055221470e+00
5.989765529299955205e+00
5.989624140939010744e+00
5.989480815204351494e+00
5.989335525993095821e+00
5.989188246862676479e+00
5.989038951027461088e+00
5.988887611354325458e+00
5.988734200358206472e+00
5.988578690198782972e+00
5.988421052675334977e+00
5.988261259223262023e+00
5.988099280909153777e+00
5.987935088426884711e+00
5.987768652093050648e+00
5.987599941842696616e+00
5.987428927224830666e+00
5.987255577397495365e+00
5.987079861124244395e+00
5.986901746768568344e+00
5.986721202289694510e+00
5.986538195238201965e+00
5.986352692751050419e+00
5.986164661546693466e+00
5.985974067920548869e+00
5.985780877740047856e+00
5.985585056440791973e+00
5.985386569024418790e+00
5.985185380038164915e+00
5.984981453593883671e+00
5.984774753346885134e+00
5.984565242495487603e+00
5.984352883775282628e+00
5.984137639454700341e+00
5.983919471329380180e+00
5.983698340717476860e+00
5.983474208454044430e+00
5.983247034886359117e+00
5.983016779867916135e+00
5.982783402753817370e+00
5.982546862395338394e+00
5.982307117134278762e+00
5.982064124797918048e+00
5.981817842693300413e+00
5.981568227602379828e+00
5.981315235775883643e+00
5.981058822928222440e+00
5.980798944231950465e+00
5.980535554312117696e+00
5.980268607240814660e+00
5.979998056531623085e+00
5.979723855133926236e+00
5.979445955427129533e+00
5.979164309215607709e+00
5.978878867722196233e+00
5.978589581583505286e+00
5.978296400843058578e+00
5.977999274946820485e+00
5.977698152736439674e+00
5.977392982444208691e+00
5.977083711687062539e+00
5.976770287460710485e+00
5.976452656134085828e+00
5.976130763443545213e+00
5.975804554487001319e+00
5.975473973718402831e+00
5.975138964941494990e+00
5.974799471304738319e+00
5.974455435294824035e+00
5.974106798731409818e+00
5.973753502761333323e+00
5.973395487852739549e+00
5.973032693789376069e+00
5.972665059664930887e+00
5.972292523877381853e+00
5.971915024123441107e+00
5.971532497393101657e+00
5.971144879962493768e+00
5.970752107387585994e+00
5.970354114510086241e+00
5.969950835430497094e+00
5.969542203520933121e+00
5.969128151412164129e+00
5.968708610989366115e+00
5.968283513386774430e+00
5.967852788982369816e+00
5.967416367392959664e+00
5.966974177468532758e+00
5.966526147287445347e+00
5.966072204151528169e+00
5.965612274580713859e+00
5.965146284308523228e+00
5.964674158277079918e+00
5.964195820632474110e+00
5.963711194719905073e+00
5.963220203079214521e+00
5.962722767441332117e+00
5.962218808725450181e+00
5.961708247024481544e+00
5.961191001616990448e+00
5.960666990952681488e+00
5.960136132651125074e+00
5.959598343497887640e+00
5.959053539441276470e+00
5.958501635588644874e+00
5.957942546203111256e+00
5.957376184700633459e+00
5.956802463646839740e+00
5.956221294754267426e+00
5.955632588879848477e+00
5.955036256022354202e+00
5.954432205320252969e+00
5.953820345049571472e+00
5.953200582622141468e+00
5.952572824583919342e+00
5.951936976613611208e+00
5.951292943521507617e+00
5.950640629248511004e+00
5.949979936865579688e+00
5.949310768573006669e+00
5.948633025700658550e+00
5.947946608707751714e+00
5.947251417183403888e+00
5.946547349847246977e+00
5.945834304550484006e+00
5.945112178277122794e+00
5.944380867145588887e+00
5.943640266410724848e+00
5.942890270466073765e+00
5.942130772846453191e+00
5.941361666231061101e+00
5.940582842446731071e+00
5.939794192471856249e+00
5.938995606440356845e+00
5.938186973646470967e+00
5.937368182549537465e+00
5.936539120779574574e+00
5.935699675143055742e+00
5.934849731629219249e+00
5.933989175416897410e+00
5.933117890881856482e+00
5.932235761604417235e+00
5.931342670377767412e+00
5.930438499216897696e+00
5.929523129367697543e+00
5.928596441316991594e+00
5.927658314802963346e+00
5.926708628826092173e+00
5.925747261660790244e+00
5.924774090867638066e+00
5.923788993306152051e+00
5.922791845148305256e+00
5.921782521892532181e+00
5.920760898378568449e+00
5.919726848802912222e+00
5.918680246734857597e+00
5.917620965133407296e+00
5.916548876364799980e+00
5.915463852220904428e+00
5.914365763938073783e+00
5.913254482217183750e+00
5.912129877244078457e+00
5.910991818711091916e+00
5.909840175839151222e+00
5.908674817400870971e+00
5.907495611744190356e+00
5.906302426818204943e+00
5.905095130199497611e+00
5.903873589111203302e+00
5.902637670462451247e+00
5.901387240868653628e+00
5.900122166682892910e+00
5.898842314026125244e+00
5.897547548818426577e+00
5.896237736811215768e+00
5.894912743620442264e+00
5.893572434760801393e+00
5.892216675681046567e+00
5.890845331800205642e+00
5.889458268544959019e+00
5.888055351388086223e+00
5.886636445887940994e+00
5.885201417729048146e+00
5.883750132763780449e+00
5.882282457055245217e+00
5.880798256921131006e+00
5.879297398978917677e+00
5.877779750192038577e+00
5.876245177917288842e+00
5.874693549953461158e+00
5.873124734590986940e+00
5.871538600662993268e+00
5.869935017597375015e+00
5.868313855470094431e+00
5.866674985059794345e+00
5.865018277903488730e+00
5.863343606353558890e+00
5.861650843635866082e+00
5.859939863909277236e+00
5.858210542326113490e+00
5.856462755094127282e+00
5.854696379539467088e+00
5.852911294171003753e+00
5.851107378745735055e+00
5.849284514335592711e+00
5.847442583395174864e+00
5.845581469830976928e+00
5.843701059071523041e+00
5.841801238138900843e+00
5.839881895721309668e+00
5.837942922246795341e+00
5.835984209958155589e+00
5.834005652988929036e+00
5.832007147440437578e+00
5.829988591459995817e+00
5.827949885320143686e+00
5.825890931499109193e+00
5.823811634761071332e+00
5.821711902237779235e+00
5.819591643518364776e+00
5.817450770722761177e+00
5.815289198593768916e+00
5.813106844581066746e+00
5.810903628927822417e+00
5.808679474758046801e+00
5.806434308164653224e+00
5.804168058298223798e+00
5.801880657456370827e+00
5.799572041173703951e+00
5.797242148312242271e+00
5.794890921152406449e+00
5.792518305484317231e+00
5.790124250699488329e+00
5.787708709882790181e+00
5.785271639904652652e+00
5.782813001513373408e+00
5.780332759427551537e+00
5.777830882428498960e+00
5.775307343452597664e+00
5.772762119683521043e+00
5.770195192644156812e+00
5.767606548288329193e+00
5.764996177092048590e+00
5.762364074144241677e+00
5.759710239237056939e+00
5.757034676955292696e+00
5.754337396765333956e+00
5.751618413102618455e+00
5.748877745459233246e+00
5.746115418469357472e+00
5.743331461994056752e+00
5.740525911204738208e+00
5.737698806665217255e+00
5.734850194412245195e+00
5.731980126034502909e+00
5.729088658749810214e+00
5.726175855480550858e+00
5.723241784927122211e+00
5.720286521639349253e+00
5.717310146085680778e+00
5.714312744720121628e+00
5.711294410046710013e+00
5.708255240681494591e+00
5.705195341411816834e+00
5.702114823252811604e+00
5.699013803501064679e+00
5.695892405785158097e+00
5.692750760113141517e+00
5.689589002916736860e+00
5.686407277092128787e+00
5.683205732037309943e+00
5.679984523685757125e+00
5.676743814536455268e+00
5.673483773680017883e+00
5.670204576820896847e+00
5.666906406295543874e+00
5.663589451086370907e+00
5.660253906831512971e+00
5.656899975830167904e+00
5.653527867043519173e+00
5.650137796091119213e+00
5.646729985242574301e+00
5.643304663404606458e+00
5.639862066103243698e+00
5.636402435461136839e+00
5.632926020170015313e+00
5.629433075458026181e+00
5.625923863052082474e+00
5.622398651135085856e+00
5.618857714297956107e+00
5.615301333486479862e+00
5.611729795942918209e+00
5.608143395142328735e+00
5.604542430723647328e+00
5.600927208415393821e+00
5.597298039956164928e+00
5.593655243009729716e+00
5.589999141074909694e+00
5.586330063390112066e+00
5.582648344832660037e+00
5.578954325812866877e+00
5.575248352162949672e+00
5.571530775020790749e+00
5.567801950708634706e+00
5.564062240606775234e+00
5.560312011022296552e+00
5.556551633052961847e+00
5.552781482446332184e+00
5.549001939454218935e+00
5.545213388682574518e+00
5.541416218936945803e+00
5.537610823063555898e+00
5.533797597786255018e+00
5.529976943539365308e+00
5.526149264296618568e+00
5.522314967396353858e+00
5.518474463363081561e+00
5.514628165725643960e+00
5.510776490832071772e+00
5.506919857661409345e+00
5.503058687632588430e+00
5.499193404410619657e+00
5.495324433710281120e+00
5.491452203097467510e+00
5.487577141788460899e+00
5.483699680447286617e+00
5.479820250981408236e+00
5.475939286335949063e+00
5.472057220286655976e+00
5.468174487231874714e+00
5.464291521983716038e+00
5.460408759558657010e+00
5.456526634967799438e+00
5.452645583007036834e+00
5.448766038047335059e+00
5.444888433825358476e+00
5.441013203234689399e+00
5.437140778117669271e+00
5.433271589058863427e+00
5.429406065179416707e+00
5.425544633934640260e+00
5.421687720902760965e+00
5.417835749597912809e+00
5.413989141262718796e+00
5.410148314674476211e+00
5.406313685951633197e+00
5.402485668363055105e+00
5.398664672140209397e+00
5.394851104292506250e+00
5.391045368425945838e+00
5.387247864565298805e+00
5.383458988979910487e+00
5.379679134013401587e+00
5.375908687917298145e+00
5.372148034688875029e+00
5.368397553913212050e+00
5.364657620609760258e+00
5.360928605083370435e+00
5.357210872780052924e+00
5.353504784147476769e+00
5.349810694500397368e+00
5.346128953891006397e+00
5.342459906984382556e+00
5.338803892939067097e+00
5.335161245292858290e+00
5.331532291853846139e+00
5.327917354596823252e+00
5.324316749564979467e+00
5.320730786777083665e+00
5.317159770140003516e+00
5.313603997366740828e+00
5.310063759899872338e+00
5.306539342840468798e+00
5.303031024882430167e+00
5.299539078252314184e+00
5.296063768654528658e+00
5.292605355221913221e+00
5.289164090471703439e+00
5.285740220266751166e+00
5.282333983782063314e+00
5.278945613476496490e+00
5.275575335069611960e+00
5.272223367523585225e+00
5.268889923030152467e+00
5.265575207002443747e+00
5.262279418071657666e+00
5.259002748088503765e+00
5.255745382129275889e+00
5.252507498506510331e+00
5.249289268784066209e+00
5.246090857796587237e+00
5.242912423673189437e+00
5.239754117865293104e+00
5.236616085178450675e+00
5.233498463808095025e+00
5.230401385379040313e+00
5.227324974988700745e+00
5.224269351253751914e+00
5.221234626360297781e+00
5.218220906117263524e+00
5.215228290012960066e+00
5.212256871274710157e+00
5.209306736931327286e+00
5.206377967878403901e+00
5.203470638946268600e+00
5.200584818970399148e+00
5.197720570864294842e+00
5.194877951694578222e+00
5.192057012758247048e+00
5.189257799661938897e+00
5.186480352402241145e+00
5.183724705451241199e+00
5.180990887842670922e+00
5.178278923242277010e+00
5.175588830059957957e+00
5.172920621522348661e+00
5.170274305766852763e+00
5.167649885932730669e+00
5.165047360253117503e+00
5.162466722147950549e+00
5.159907960317596576e+00
5.157371058837150635e+00
5.154855997251273969e+00
5.152362750669525759e+00
5.149891289861972865e+00
5.147441581355175266e+00
5.145013587528256771e+00
5.142607266709117830e+00
5.140222573270647466e+00
5.137859457726870360e+00
5.135517866828936739e+00
5.133197743660892876e+00
5.130899027735166484e+00
5.128621655087681752e+00
5.126365558372541820e+00
5.124130666956235203e+00
5.121916907011259568e+00
5.119724201609147762e+00
5.117552470812867682e+00
5.115401631768413004e+00
5.113271598795742889e+00
5.111162283478752677e+00
5.109073594754568681e+00
5.107005439001772729e+00
5.104957720127785592e+00
5.102930339655217473e+00
5.100923196807270799e+00
5.098936188591970620e+00
5.096969209885475749e+00
5.095022153514178420e+00
5.093094910335660863e+00
5.091187369318575406e+00
5.089299417621304222e+00
5.087430940669399604e+00
5.085581822231859839e+00
5.083751944496115449e+00
5.081941188141825272e+00
5.080149432413388233e+00
5.078376555191190356e+00
5.076622433061581674e+00
5.074886941385519989e+00
5.073169954366029799e+00
5.071471345114255236e+00
5.069790985714289988e+00
5.068128747286621660e+00
5.066484500050401962e+00
5.064858113384310911e+00
5.063249455886156269e+00
5.061658395431181567e+00
5.060084799229063179e+00
5.058528533879687927e+00
5.056989465427538022e+00
5.055467459414890286e+00
5.053962380933753273e+00
5.052474094676453475e+00
5.051002464985100637e+00
5.049547355899733247e+00
5.048108631205228569e+00
5.046686154477038500e+00
5.045279789125751257e+00
5.043889398440357219e+00
5.042514845630436504e+00
5.041155993867159069e+00
5.039812706323074210e+00
5.038484846210835144e+00
5.037172276820789385e+00
5.035874861557421589e+00
5.034592463974773224e+00
5.033324947810753791e+00
5.032072177020304515e+00
5.030834015807723603e+00
5.029610328657764917e+00
5.028400980365829831e+00
5.027205836067175859e+00
5.026024761265037277e+00
5.024857621857989010e+00
5.023704284166089273e+00
5.022564614956420925e+00
5.021438481467396464e+00
5.020325751432455519e+00
5.019226293102721392e+00
5.018139975268804953e+00
5.017066667281876668e+00
5.016006239073809603e+00
5.014958561176515062e+00
5.013923504740649406e+00
5.012900941553248835e+00
5.011890744054939617e+00
5.010892785356229062e+00
5.009906939253014890e+00
5.008933080241543045e+00
5.007971083532605228e+00
5.007020825065043645e+00
5.006082181518652696e+00
5.005155030326322141e+00
5.004239249685738855e+00
5.003334718570240369e+00
5.002441316739366428e+00
5.001558924748549906e+00
5.000687423958369848e+00
4.999826696543225424e+00
4.998976625499563120e+00
4.998137094653470669e+00
4.997307988667688328e+00
4.996489193048379462e+00
4.995680594151182596e+00
4.994882079186912627e+00
4.994093536226739793e+00
4.993314854207012488e+00
4.992545922933485869e+00
4.991786633085403935e+00
4.991036876218861273e+00
4.990296544770066234e+00
4.989565532057964603e+00
4.988843732286598609e+00
4.988131040547242101e+00
4.987427352819934434e+00
4.986732565974945963e+00
4.986046577773587174e+00
4.985369286869015149e+00
4.984700592806636799e+00
4.984040396024098207e+00
4.983388597851173607e+00
4.982745100509141878e+00
4.982109807110248312e+00
4.981482621656507348e+00
4.980863449038601232e+00
4.980252195034195140e+00
4.979648766306486785e+00
4.979053070402000181e+00
4.978465015748574807e+00
4.977884511652974631e+00
4.977311468298323938e+00
4.976745796741233185e+00
4.976187408909110488e+00
4.975636217596809630e+00
4.975092136463448611e+00
4.974555080028975951e+00
4.974024963670521160e+00
4.973501703618692815e+00
4.972985216953633270e+00
4.972475421601066259e+00
4.971972236328022987e+00
4.971475580738707656e+00
4.970985375269989959e+00
4.970501541186807870e+00
4.970024000577859979e+00
4.969552676350502907e+00
4.969087492226237579e+00
4.968628372735580001e+00
4.968175243213121206e+00
4.967728029792590760e+00
4.967286659401538351e+00
4.966851059756081987e+00
4.966421159355752124e+00
4.965996887477969857e+00
4.965578174172819992e+00
4.965164950257258347e+00
4.964757147309953211e+00
4.964354697665465110e+00
4.963957534408584671e+00
4.963565591368796603e+00
4.963178803114565163e+00
4.962797104947425098e+00
4.962420432896489153e+00
4.962048723712346288e+00
4.961681914861384435e+00
4.961319944519920533e+00
4.960962751568374074e+00
4.960610275585255913e+00
4.960262456841388889e+00
4.959919236293822919e+00
4.959580555580092920e+00
4.959246357012138340e+00
4.958916583570535330e+00
4.958591178898378971e+00
4.958270087295356454e+00
4.957953253711918862e+00
4.957640623743139408e+00
4.957332143623086829e+00
4.957027760218509549e+00
4.956727421023281899e+00
4.956431074152295224e+00
4.956138668335531960e+00
4.955850152912269380e+00
4.955565477825149223e+00
4.955284593614443622e+00
4.955007451411950647e+00
4.954734002935550663e+00
4.954464200482981973e+00
4.954197996926556158e+00
4.953935345706999449e+00
4.953676200827739073e+00
4.953420516849551980e+00
4.953168248884375124e+00
4.952919352590361868e+00
4.952673784165276594e+00
4.952431500341927695e+00
4.952192458381798446e+00
4.951956616069989714e+00
4.951723931709468118e+00
4.951494364115724522e+00
4.951267872611406773e+00
4.951044417020620259e+00
4.950823957663602393e+00
4.950606455351874935e+00
4.950391871382256781e+00
4.950180167532090003e+00
4.949971306053601694e+00
4.949765249669096256e+00
4.949561961565609458e+00
4.949361405389788082e+00
4.949163545242630136e+00
4.948968345674940927e+00
4.948775771681567903e+00
4.948585788697102750e+00
4.948398362590884503e+00
4.948213459661429781e+00
4.948031046632425323e+00
4.947851090644689975e+00
4.947673559257577125e+00
4.947498420442702383e+00
4.947325642574777582e+00
4.947155194430009395e+00
4.946987045180870624e+00
4.946821164391956849e+00
4.946657522014907826e+00
4.946496088384434664e+00
4.946336834213632905e+00
4.946179730671492969e+00
4.946024749051910696e+00
4.945871861257635338e+00
4.945721039471433933e+00
4.945572256232963149e+00
4.945425484434333718e+00
4.945280697315972418e+00
4.945137868462109232e+00
4.944996971797658070e+00
4.944857981583185236e+00
4.944720872411028090e+00
4.944585619202029214e+00
4.944452197200535082e+00
4.944320581971614281e+00
4.944190749396184081e+00
4.944062675667866280e+00
4.943936337288879379e+00
4.943811711066110171e+00
4.943688774108323969e+00
4.943567503821195253e+00
4.943447877904667997e+00
4.943329874349030817e+00
4.943213471430750516e+00
4.943098647710328919e+00
4.942985382027858421e+00
4.942873653499004760e+00
4.942763441513538858e+00
4.942654725729598297e+00
4.942547486072215612e+00
4.942441702729352571e+00
4.942337356148147620e+00
4.942234427032508037e+00
4.942132896339056281e+00
4.942032745275215966e+00
4.941933955294950387e+00
4.941836508095723168e+00
4.941740385616157027e+00
4.941645570032503265e+00
4.941552043756114010e+00
4.941459789429416105e+00
4.941368789924537985e+00
4.941279028339158330e+00
4.941190487994043146e+00
4.941103152430790679e+00
4.941017005407791984e+00
4.940932030898553151e+00
4.940848213089203966e+00
4.940765536374462918e+00
4.940683985355909691e+00
4.940603544839238914e+00
4.940524199831900276e+00
4.940445935539790057e+00
4.940368737365412599e+00
4.940292590905090542e+00
4.940217481946495681e+00
4.940143396465898284e+00
4.940070320626785971e+00
4.939998240775431704e+00
4.939927143441463109e+00
4.939857015332827395e+00
4.939787843334682016e+00
4.939719614506730139e+00
4.939652316082060679e+00
4.939585935463297162e+00
4.939520460221416442e+00
4.939455878092977592e+00
4.939392176979177762e+00
4.939329344941764788e+00
4.939267370202753860e+00
4.939206241141537390e+00
4.939145946292757827e+00
4.939086474344389188e+00
4.939027814136522032e+00
4.938969954657562944e+00
4.938912885043937884e+00
4.938856594578444614e+00
4.938801072685960136e+00
4.938746308934151230e+00
4.938692293031023972e+00
4.938639014821654349e+00
4.938586464287705091e+00
4.938534631545825171e+00
4.938483506844869808e+00
4.938433080565431510e+00
4.938383343216199428e+00
4.938334285434391902e+00
4.938285897982935602e+00
4.938238171749249616e+00
4.938191097742524960e+00
4.938144667093807172e+00
4.938098871053046679e+00
4.938053700988399797e+00
4.938009148383511793e+00
4.937965204838674182e+00
4.937921862064530210e+00
4.937879111886100070e+00
4.937836946237081470e+00
4.937795357160644549e+00
4.937754336807545386e+00
4.937713877433065335e+00
4.937673971398489847e+00
4.937634611167967869e+00
4.937595789306811866e+00
4.937557498481528029e+00
4.937519731456961658e+00
4.937482481096788334e+00
4.937445740359328816e+00
4.937409502300060815e+00
4.937373760067281125e+00
4.937338506902173130e+00
4.937303736137182320e+00
4.937269441195949682e+00
4.937235615589767868e+00
4.937202252919073331e+00
4.937169346869472619e+00
4.937136891212643874e+00
4.937104879805748858e+00
