1.199920024375911964e+01
1.199918911027588209e+01
1.199917782184016346e+01
1.199916637630652438e+01
1.199915477149640886e+01
1.199914300518916477e+01
1.199913107512856669e+01
1.199911897905881730e+01
1.199910671465959844e+01
1.199909427958844432e+01
1.199908167147516735e+01
1.199906888791535842e+01
1.199905592646394048e+01
1.199904278464338248e+01
1.199902945996631232e+01
1.199901594986169862e+01
1.199900225177769642e+01
1.199898836307902350e+01
1.199897428112700482e+01
1.199896000323744971e+01
1.199894552667421443e+01
1.199893084868849336e+01
1.199891596646477332e+01
1.199890087718120135e+01
1.199888557795102884e+01
1.199887006584962457e+01
1.199885433791998146e+01
1.199883839117060447e+01
1.199882222255685704e+01
1.199880582898594383e+01
1.199878920734433407e+01
1.199877235444782642e+01
1.199875526708687801e+01
1.199873794201253396e+01
1.199872037590955820e+01
1.199870256543312053e+01
1.199868450718251900e+01
1.199866619771981036e+01
1.199864763354978336e+01
1.199862881113593005e+01
1.199860972688594352e+01
1.199859037716940513e+01
1.199857075828555786e+01
1.199855086650146241e+01
1.199853069802458272e+01
1.199851024901154517e+01
1.199848951556829313e+01
1.199846849373547109e+01
1.199844717951076234e+01
1.199842556880034650e+01
1.199840365754354643e+01
1.199838144153722475e+01
1.199835891655028952e+01
1.199833607828352378e+01
1.199831292239484171e+01
1.199828944446542422e+01
1.199826564002770901e+01
1.199824150454135463e+01
1.199821703341301671e+01
1.199819222198255808e+01
1.199816706552184087e+01
1.199814155923579939e+01
1.199811569827673097e+01
1.199808947770830869e+01
1.199806289254710734e+01
1.199803593772260513e+01
1.199800860810889525e+01
1.199798089849892513e+01
1.199795280364657479e+01
1.199792431814956650e+01
1.199789543661439595e+01
1.199786615354502395e+01
1.199783646336006093e+01
1.199780636041724158e+01
1.199777583898507594e+01
1.199774489325279703e+01
1.199771351733711811e+01
1.199768170526498068e+01
1.199764945098483615e+01
1.199761674836453906e+01
1.199758359117565654e+01
1.199754997311879379e+01
1.199751588779704292e+01
1.199748132872749373e+01
1.199744628933815527e+01
1.199741076297258502e+01
1.199737474286619587e+01
1.199733822217946511e+01
1.199730119396570771e+01
1.199726365118557148e+01
1.199722558670751127e+01
1.199718699329447524e+01
1.199714786361263918e+01
1.199710819022616803e+01
1.199706796559988042e+01
1.199702718209091223e+01
1.199698583194859225e+01
1.199694390732478055e+01
1.199690140025180085e+01
1.199685830265904229e+01
1.199681460636162811e+01
1.199677030306456871e+01
1.199672538435648228e+01
1.199667984170877233e+01
1.199663366647876295e+01
1.199658684990083124e+01
1.199653938309365664e+01
1.199649125704665842e+01
1.199644246263203762e+01
1.199639299058964248e+01
1.199634283153904590e+01
1.199629197596409114e+01
1.199624041422273280e+01
1.199618813653425775e+01
1.199613513298830192e+01
1.199608139353894565e+01
1.199602690799778415e+01
1.199597166603808063e+01
1.199591565719164699e+01
1.199585887084470848e+01
1.199580129624010283e+01
1.199574292247149998e+01
1.199568373848313207e+01
1.199562373306574692e+01
1.199556289485582283e+01
1.199550121233899169e+01
1.199543867383467877e+01
1.199537526750466299e+01
1.199531098135225626e+01
1.199524580321359046e+01
1.199517972077376271e+01
1.199511272150209784e+01
1.199504479274041913e+01
1.199497592164462745e+01
1.199490609519171436e+01
1.199483530018232891e+01
1.199476352323530648e+01
1.199469075078819102e+01
1.199461696908660180e+01
1.199454216419488439e+01
1.199446632198248608e+01
1.199438942812682640e+01
1.199431146810881010e+01
1.199423242721062444e+01
1.199415229051442466e+01
1.199407104289461401e+01
1.199398866902440375e+01
1.199390515336307139e+01
1.199382048015893076e+01
1.199373463344516288e+01
1.199364759703557226e+01
1.199355935452626198e+01
1.199346988928628654e+01
1.199337918445884554e+01
1.199328722295683747e+01
1.199319398746040832e+01
1.199309946041258534e+01
1.199300362401908160e+01
1.199290646024133267e+01
1.199280795079599216e+01
1.199270807714943921e+01
1.199260682051737348e+01
1.199250416185840074e+01
1.199240008187342355e+01
1.199229456100059998e+01
1.199218757941093472e+01
1.199207911700546880e+01
1.199196915341517311e+01
1.199185766799197239e+01
1.199174463980675931e+01
1.199163004764963958e+01
1.199151387001915126e+01
1.199139608512412813e+01
1.199127667087774540e+01
1.199115560489367560e+01
1.199103286448383443e+01
1.199090842664904066e+01
1.199078226808379100e+01
1.199065436516426075e+01
1.199052469394602483e+01
1.199039323015035663e+01
1.199025994920626559e+01
1.199012482617529862e+01
1.198998783579625815e+01
1.198984895245881610e+01
1.198970815021638892e+01
1.198956540276935101e+01
1.198942068346294398e+01
1.198927396528358535e+01
1.198912522085391785e+01
1.198897442242840761e+01
1.198882154188838989e+01
1.198866655073566001e+01
1.198850942009084264e+01
1.198835012068485817e+01
1.198818862285825659e+01
1.198802489654862846e+01
1.198785891129638514e+01
1.198769063623102227e+01
1.198752004007877225e+01
1.198734709111596963e+01
1.198717175722502404e+01
1.198699400584930430e+01
1.198681380399623109e+01
1.198663111823318594e+01
1.198644591468139353e+01
1.198625815900866165e+01
1.198606781642611097e+01
1.198587485168114952e+01
1.198567922905136385e+01
1.198548091233973167e+01
1.198527986486609009e+01
1.198507604946468241e+01
1.198486942847459957e+01
1.198465996373609421e+01
1.198444761658264923e+01
1.198423234783510694e+01
1.198401411779630266e+01
1.198379288624262884e+01
1.198356861241832938e+01
1.198334125503060399e+01
1.198311077223977428e+01
1.198287712165385344e+01
1.198264026032423324e+01
1.198240014473323711e+01
1.198215673079199561e+01
1.198190997383239242e+01
1.198165982859809731e+01
1.198140624923880715e+01
1.198114918930252415e+01
1.198088860172847703e+01
1.198062443883989125e+01
1.198035665233562419e+01
1.198008519328283050e+01
1.197981001211044294e+01
1.197953105859991041e+01
1.197924828187802149e+01
1.197896163040870299e+01
1.197867105198619164e+01
1.197837649372535296e+01
1.197807790205492218e+01
1.197777522270865092e+01
1.197746840071641294e+01
1.197715738039756594e+01
1.197684210535066995e+01
1.197652251844652405e+01
1.197619856181830755e+01
1.197587017685376942e+01
1.197553730418610130e+01
1.197519988368539323e+01
1.197485785444966133e+01
1.197451115479499073e+01
1.197415972224848879e+01
1.197380349353713669e+01
1.197344240457938902e+01
1.197307639047640393e+01
1.197270538550210084e+01
1.197232932309338693e+01
1.197194813584109774e+01
1.197156175548009571e+01
1.197117011288158395e+01
1.197077313804883758e+01
1.197037076007632983e+01
1.196996290718776734e+01
1.196954950669377027e+01
1.196913048499097521e+01
1.196870576755056526e+01
1.196827527890940068e+01
1.196783894265876036e+01
1.196739668143495372e+01
1.196694841690808886e+01
1.196649406977271823e+01
1.196603355973583227e+01
1.196556680550763474e+01
1.196509372479067679e+01
1.196461423426855752e+01
1.196412824959583610e+01
1.196363568538660083e+01
1.196313645520475966e+01
1.196263047155176729e+01
1.196211764585644488e+01
1.196159788846390093e+01
1.196107110862423539e+01
1.196053721448162932e+01
1.195999611306324617e+01
1.195944771026785247e+01
1.195889191085425907e+01
1.195832861843121542e+01
1.195775773544439247e+01
1.195717916316701057e+01
1.195659280168611716e+01
1.195599854989364097e+01
1.195539630547287935e+01
1.195478596488841738e+01
1.195416742337412508e+01
1.195354057492142097e+01
1.195290531226817166e+01
1.195226152688709043e+01
1.195160910897400264e+01
1.195094794743680566e+01
1.195027792988298998e+01
1.194959894260947664e+01
1.194891087058964807e+01
1.194821359746281964e+01
1.194750700552266665e+01
1.194679097570547910e+01
1.194606538757875214e+01
1.194533011932986177e+01
1.194458504775476371e+01
1.194383004824688221e+01
1.194306499478620331e+01
1.194228975992498754e+01
1.194150421477517199e+01
1.194070822902017248e+01
1.193990167086099419e+01
1.193908440704186624e+01
1.193825630282432826e+01
1.193741722197873223e+01
1.193656702677354886e+01
1.193570557796473963e+01
1.193483273478591933e+01
1.193394835493706552e+01
1.193305229457489069e+01
1.193214440830305634e+01
1.193122454916142772e+01
1.193029256861704646e+01
1.192934831655415984e+01
1.192839164126494822e+01
1.192742238943981015e+01
1.192644040615842904e+01
1.192544553488266423e+01
1.192443761745090036e+01
1.192341649404896309e+01
1.192238200323398090e+01
1.192133398190536298e+01
1.192027226530225015e+01
1.191919668699577528e+01
1.191810707888255294e+01
1.191700327117728975e+01
1.191588509240622251e+01
1.191475236940126692e+01
1.191360492729367948e+01
1.191244258950853485e+01
1.191126517775969695e+01
1.191007251204470840e+01
1.190886441064050594e+01
1.190764069009914294e+01
1.190640116524428294e+01
1.190514564916783868e+01
1.190387395322722242e+01
1.190258588704301523e+01
1.190128125849702201e+01
1.189995987373115938e+01
1.189862153714601334e+01
1.189726605140131710e+01
1.189589321741550343e+01
1.189450283436680778e+01
1.189309469969449395e+01
1.189166860910096801e+01
1.189022435655424559e+01
1.188876173429117777e+01
1.188728053282144970e+01
1.188578054093214753e+01
1.188426154569290638e+01
1.188272333246212220e+01
1.188116568489346214e+01
1.187958838494371250e+01
1.187799121288071369e+01
1.187637394729294193e+01
1.187473636509907493e+01
1.187307824155914915e+01
1.187139935028611148e+01
1.186969946325843850e+01
1.186797835083379482e+01
1.186623578176371296e+01
1.186447152320883447e+01
1.186268534075553482e+01
1.186087699843379539e+01
1.185904625873539509e+01
1.185719288263398319e+01
1.185531662960592669e+01
1.185341725765218435e+01
1.185149452332158049e+01
1.184954818173527613e+01
1.184757798661230410e+01
1.184558369029661051e+01
1.184356504378506436e+01
1.184152179675713690e+01
1.183945369760582444e+01
1.183736049346971519e+01
1.183524193026681459e+01
1.183309775272959996e+01
1.183092770444180886e+01
1.182873152787614757e+01
1.182650896443436750e+01
1.182425975448815691e+01
1.182198363742218383e+01
1.181968035167830244e+01
1.181734963480174194e+01
1.181499122348838071e+01
1.181260485363640989e+01
1.181019026039899522e+01
1.180774717822240660e+01
1.180527534092490249e+01
1.180277448173730726e+01
1.180024433336578582e+01
1.179768462805225049e+01
1.179509509763685315e+01
1.179247547362243154e+01
1.178982548724088453e+01
1.178714486952160279e+01
1.178443335136209313e+01
1.178169066360041128e+01
1.177891653708991804e+01
1.177611070277617245e+01
1.177327289177588199e+01
1.177040283545809629e+01
1.176750026552756090e+01
1.176456491411049043e+01
1.176159651384226201e+01
1.175859479795783535e+01
1.175555950038407715e+01
1.175249035583457768e+01
1.174938709990692232e+01
1.174624946918197388e+01
1.174307720132598654e+01
1.173987003519475003e+01
1.173662771094018886e+01
1.173334997011958869e+01
1.173003655580697746e+01
1.172668721270711778e+01
1.172330168727173216e+01
1.171987972781855447e+01
1.171642108465222698e+01
1.171292551018825456e+01
1.170939275907893418e+01
1.170582258834200751e+01
1.170221475749147011e+01
1.169856902867118542e+01
1.169488516679034973e+01
1.169116293966195386e+01
1.168740211814304608e+01
1.168360247627780169e+01
1.167976379144261934e+01
1.167588584449359068e+01
1.167196841991631118e+01
1.166801130597785807e+01
1.166401429488087516e+01
1.165997718291999163e+01
1.165589977064028737e+01
1.165178186299821839e+01
1.164762326952214266e+01
1.164342380447555847e+01
1.163918328703672955e+01
1.163490154144552235e+01
1.163057839718753783e+01
1.162621368916213349e+01
1.162180725785564483e+01
1.161735894951609360e+01
1.161286861632930645e+01
1.160833611659644760e+01
1.160376131491274165e+01
1.159914408234740790e+01
1.159448429662448454e+01
1.158978184230481290e+01
1.158503661096863446e+01
1.158024850139897666e+01
1.157541741976558036e+01
1.157054327980930530e+01
1.156562600302674682e+01
1.156066551885510307e+01
1.155566176485699792e+01
1.155061468690519533e+01
1.154552423936704209e+01
1.154039038528831362e+01
1.153521309657665839e+01
1.152999235418409718e+01
1.152472814828848335e+01
1.151942047847411388e+01
1.151406935391058539e+01
1.150867479353066791e+01
1.150323682620523691e+01
1.149775549091846649e+01
1.149223083693871494e+01
1.148666292398811350e+01
1.148105182240947642e+01
1.147539761333043451e+01
1.146970038882449039e+01
1.146396025206900582e+01
1.145817731749962043e+01
1.145235171096110172e+01
1.144648356985424442e+01
1.144057304327869851e+01
1.143462029217136156e+01
1.142862548944024326e+01
1.142258882009342003e+01
1.141651048136298918e+01
1.141039068282363367e+01
1.140422964650562321e+01
1.139802760700212936e+01
1.139178481157031619e+01
1.138550152022628303e+01
1.137917800583347372e+01
1.137281455418425757e+01
1.136641146407461989e+01
1.135996904737151425e+01
1.135348762907291054e+01
1.134696754736003577e+01
1.134040915364179369e+01
1.133381281259108775e+01
1.132717890217274181e+01
1.132050781366302594e+01
1.131379995166033581e+01
1.130705573408703835e+01
1.130027559218223843e+01
1.129345997048514860e+01
1.128660932680921292e+01
1.127972413220648740e+01
1.127280487092227368e+01
1.126585204034003063e+01
1.125886615091605236e+01
1.125184772610416495e+01
1.124479730227017171e+01
1.123771542859591221e+01
1.123060266697295972e+01
1.122345959188583642e+01
1.121628679028465747e+01
1.120908486144729466e+01
1.120185441683078764e+01
1.119459607991232986e+01
1.118731048601945943e+01
1.117999828214981939e+01
1.117266012678022413e+01
1.116529668966532007e+01
1.115790865162573375e+01
1.115049670432589934e+01
1.114306155004158150e+01
1.113560390141726941e+01
1.112812448121355047e+01
1.112062402204459310e+01
1.111310326610592369e+01
1.110556296489266437e+01
1.109800387890843787e+01
1.109042677736514904e+01
1.108283243787389161e+01
1.107522164612711180e+01
1.106759519557251004e+01
1.105995388707873062e+01
1.105229852859323714e+01
1.104462993479270772e+01
1.103694892672616312e+01
1.102925633145128792e+01
1.102155298166414354e+01
1.101383971532281869e+01
1.100611737526517686e+01
1.099838680882123931e+01
1.099064886742056224e+01
1.098290440619493502e+01
1.097515428357692180e+01
1.096739936089457323e+01
1.095964050196281647e+01
1.095187857267189813e+01
1.094411444057331195e+01
1.093634897446374943e+01
1.092858304396743208e+01
1.092081751911731402e+01
1.091305326993559888e+01
1.090529116601407367e+01
1.089753207609467012e+01
1.088977686765071695e+01
1.088202640646937880e+01
1.087428155623533854e+01
1.086654317811772685e+01
1.085881213035883341e+01
1.085108926786928052e+01
1.084337544180552193e+01
1.083567149919582562e+01
1.082797828252543759e+01
1.082029662934895242e+01
1.081262737190326639e+01
1.080497133672611021e+01
1.079732934428041879e+01
1.078970220858501250e+01
1.078209073685189168e+01
1.077449572913059761e+01
1.076691797795982097e+01
1.075935826802680317e+01
1.075181737583459629e+01
1.074429606937775006e+01
1.073679510782642410e+01
1.072931524121952052e+01
1.072185721016674087e+01
1.071442174556010585e+01
1.070700956829495354e+01
1.069962138900079474e+01
1.069225790778201279e+01
1.068491981396876511e+01
1.067760778587813419e+01
1.067032249058571658e+01
1.066306458370769228e+01
1.065583470919364650e+01
1.064863349912995893e+01
1.064146157355416733e+01
1.063431954028000703e+01
1.062720799473348166e+01
1.062012751979974468e+01
1.061307868568093760e+01
1.060606204976486033e+01
1.059907815650462837e+01
1.059212753730905732e+01
1.058521071044382644e+01
1.057832818094340688e+01
1.057148044053350233e+01
1.056466796756412663e+01
1.055789122695299298e+01
1.055115067013922392e+01
1.054444673504717045e+01
1.053777984606030493e+01
1.053115041400488749e+01
1.052455883614331533e+01
1.051800549617700753e+01
1.051149076425855178e+01
1.050501499701302066e+01
1.049857853756813242e+01
1.049218171559317447e+01
1.048582484734637887e+01
1.047950823573058621e+01
1.047323217035690135e+01
1.046699692761619005e+01
1.046080277075808063e+01
1.045464994997740149e+01
1.044853870250750383e+01
1.044246925272059556e+01
1.043644181223452705e+01
1.043045658002592013e+01
1.042451374254942031e+01
1.041861347386265457e+01
1.041275593575680780e+01
1.040694127789253720e+01
1.040116963794079830e+01
1.039544114172858968e+01
1.038975590338915644e+01
1.038411402551649410e+01
1.037851559932387779e+01
1.037296070480448229e+01
1.036744941090248240e+01
1.036198177568534184e+01
1.035655784648455402e+01
1.035117766011991591e+01
1.034584124304469732e+01
1.034054861153370553e+01
1.033529977186546134e+01
1.033009472050623501e+01
1.032493344429590110e+01
1.031981592063519315e+01
1.031474211767430127e+01
1.030971199450254794e+01
1.030472550133905152e+01
1.029978257972394573e+01
1.029488316271035053e+01
1.029002717505651354e+01
1.028521453341823566e+01
1.028044514654129493e+01
1.027571891545374072e+01
1.027103573365787348e+01
1.026639548732178575e+01
1.026179805547033297e+01
1.025724331017536350e+01
1.025273111674508364e+01
1.024826133391247041e+01
1.024383381402251914e+01
1.023944840321829552e+01
1.023510494162573536e+01
1.023080326353682601e+01
1.022654319759148578e+01
1.022232456695750535e+01
1.021814718950913736e+01
1.021401087800354546e+01
1.020991544025557118e+01
1.020586067931043495e+01
1.020184639361454160e+01
1.019787237718394124e+01
1.019393841977095150e+01
1.019004430702835684e+01
1.018618982067132173e+01
1.018237473863715081e+01
1.017859883524260844e+01
1.017486188133879921e+01
1.017116364446371968e+01
1.016750388899223090e+01
1.016388237628365054e+01
1.016029886482677647e+01
1.015675311038238071e+01
1.015324486612316335e+01
1.014977388277103998e+01
1.014633990873205960e+01
1.014294269022851047e+01
1.013958197142857998e+01
1.013625749457324332e+01
1.013296900010080392e+01
1.012971622676862182e+01
1.012649891177231254e+01
1.012331679086236313e+01
1.012016959845812636e+01
1.011705706775937585e+01
1.011397893085507604e+01
1.011093491882978057e+01
1.010792476186750655e+01
1.010494818935290695e+01
1.010200492997020127e+01
1.009909471179946649e+01
1.009621726241045714e+01
1.009337230895407700e+01
1.009055957825150251e+01
1.008777879688071444e+01
1.008502969126087301e+01
1.008231198773431814e+01
1.007962541264614842e+01
1.007696969242167029e+01
1.007434455364157877e+01
1.007174972311484318e+01
1.006918492794954645e+01
1.006664989562150758e+01
1.006414435404060903e+01
1.006166803161544721e+01
1.005922065731552983e+01
1.005680196073165966e+01
1.005441167213435172e+01
1.005204952253007455e+01
1.004971524371597802e+01
1.004740856833217855e+01
1.004512922991284185e+01
1.004287696293479293e+01
1.004065150286491104e+01
1.003845258620544278e+01
1.003627995053760991e+01
1.003413333456375334e+01
1.003201247814761921e+01
1.002991712235303012e+01
1.002784700948129881e+01
1.002580188310649767e+01
1.002378148810987923e+01
1.002178557071245812e+01
1.001981387850602978e+01
1.001786616048308609e+01
1.001594216706521046e+01
1.001404165013008729e+01
1.001216436303730539e+01
1.001031006065264428e+01
1.000847849937147771e+01
1.000666943714048074e+01
1.000488263347873286e+01
1.000311784949709981e+01
1.000137484791673970e+01
9.999653393086450848e+00
9.997953250999126240e+00
9.996274189306941338e+00
9.994615977335376655e+00
9.992978386096758925e+00
9.991361188302365193e+00
9.989764158373825254e+00
9.988187072453479587e+00
9.986629708414024975e+00
9.985091845866971738e+00
9.983573266170807869e+00
9.982073752437722547e+00
9.980593089540132468e+00
9.979131064115929206e+00
9.977687464573197218e+00
9.976262081094484202e+00
9.974854705639868868e+00
9.973465131949891926e+00
9.972093155547174348e+00
9.970738573738030297e+00
9.969401185613273597e+00
9.968080792048196415e+00
9.966777195702347214e+00
9.965490201018283756e+00
9.964219614220496624e+00
9.962965243313014696e+00
9.961726898077202463e+00
9.960504390068390279e+00
9.959297532612973569e+00
9.958106140804000361e+00
9.956930031497149614e+00
9.955769023305949261e+00
9.954622936596647875e+00
9.953491593482466371e+00
9.952374817818220976e+00
9.951272435193619259e+00
9.950184272926897222e+00
9.949110160057951902e+00
9.948049927341042320e+00
9.947003407237385630e+00
9.945970433907266539e+00
9.944950843202132518e+00
9.943944472656045974e+00
9.942951161477415312e+00
9.941970750539979917e+00
9.941003082373615740e+00
9.940048001155719959e+00
9.939105352701005813e+00
9.938174984452475158e+00
9.937256745471160002e+00
9.936350486426242412e+00
9.935456059585181521e+00
9.934573318803076702e+00
9.933702119512163975e+00
9.932842318711504248e+00
9.931993774955939713e+00
9.931156348345639984e+00
9.930329900514516694e+00
9.929514294619906423e+00
9.928709395330930221e+00
9.927915068817169342e+00
9.927131182737593207e+00
9.926357606229130326e+00
9.925594209894850195e+00
9.924840865792978306e+00
9.924097447424692575e+00
9.923363829722768870e+00
9.922639889039841066e+00
9.921925503136748148e+00
9.921220551170511825e+00
9.920524913682777779e+00
9.919838472587645839e+00
9.919161111160185840e+00
9.918492714024276680e+00
9.917833167141070660e+00
9.917182357796757941e+00
9.916540174590712908e+00
9.915906507423837724e+00
9.915281247486278815e+00
9.914664287246173657e+00
9.914055520437019098e+00
9.913454842046563797e+00
9.912862148304590448e+00
9.912277336671063921e+00
9.911700305824538759e+00
9.911130955650298446e+00
9.910569187228887245e+00
9.910014902823901295e+00
9.909468005871101326e+00
9.908928400965963945e+00
9.908395993853112316e+00
9.907870691413998898e+00
9.907352401655478147e+00
9.906841033699103960e+00
9.906336497768750249e+00
9.905838705180723736e+00
9.905347568330553187e+00
9.904863000683855390e+00
9.904384916763596891e+00
9.903913232139979428e+00
9.903447863418936237e+00
9.902988728231449045e+00
9.902535745222813546e+00
9.902088834041240517e+00
9.901647915327204785e+00
9.901212910703749870e+00
9.900783742764513562e+00
9.900360335064180006e+00
9.899942612107203388e+00
9.899530499338192513e+00
9.899123923131218916e+00
9.898722810779576164e+00
9.898327090485260271e+00
9.897936691349881855e+00
9.897551543363135806e+00
9.897171577394205499e+00
9.896796725181769006e+00
9.896426919322859561e+00
9.896062093264850645e+00
9.895702181289379951e+00
9.895347118515154250e+00
9.894996840885404765e+00
9.894651285149555164e+00
9.894310388860018790e+00
9.893974090361741247e+00
9.893642328783913698e+00
9.893315044029815652e+00
9.892992176768869328e+00
9.892673668427265810e+00
9.892359461342985938e+00
9.892049498103821392e+00
9.891743722515270676e+00
9.891442078942867866e+00
9.891144512465926297e+00
9.890850968868667437e+00
9.890561394631944836e+00
9.890275736924218464e+00
9.889993943595316139e+00
9.889715963166370472e+00
9.889441744822056179e+00
9.889171238404058428e+00
9.888904394401070164e+00
9.888641163943228563e+00
9.888381498792368163e+00
9.888125351335732560e+00
9.887872674577758758e+00
9.887623422132220341e+00
9.887377548216647938e+00
9.887135007642390505e+00
9.886895755809335995e+00
9.886659748698061634e+00
9.886426942861501033e+00
9.886197295420657838e+00
9.885970764055716842e+00
9.885747306998009520e+00
9.885526883027077716e+00
9.885309451459196595e+00
9.885094972144431225e+00
9.884883405458705141e+00
9.884674712296295240e+00
9.884468854065016075e+00
9.884265792678112561e+00
9.884065490550431932e+00
9.883867910589900774e+00
9.883673016191446337e+00
9.883480771232314055e+00
9.883291140065006530e+00
9.883104087512228020e+00
9.882919578858832210e+00
9.882737579849075971e+00
9.882558056678316660e+00
9.882380975988086291e+00
9.882206304861581359e+00
9.882034010815583969e+00
9.881864061797106302e+00
9.881696426178407933e+00
9.881531072748925837e+00
9.881367970711819382e+00
9.881207089678477828e+00
9.881048399663800552e+00
9.880891871079580113e+00
9.880737474730825198e+00
9.880585181810181084e+00
9.880434963892991362e+00
9.880286792931796569e+00
9.880140641253571943e+00
9.879996481550863408e+00
9.879854286882926218e+00
9.879714030665654789e+00
9.879575686669364032e+00
9.879439229013460277e+00
9.879304632164121358e+00
9.879171870926594323e+00
9.879040920442832885e+00
9.878911756185955184e+00
9.878784353958355524e+00
9.878658689883529576e+00
9.878534740405507719e+00
9.878412482283074780e+00
9.878291892585515654e+00
9.878172948688778376e+00
9.878055628273044064e+00
9.877939909315125888e+00
9.877825770087875767e+00
9.877713189156889229e+00
9.877602145371920273e+00
9.877492617868302460e+00
9.877384586062047944e+00
9.877278029643308699e+00
9.877172928575410182e+00
9.877069263091650342e+00
9.876967013689739616e+00
9.876866161130863020e+00
9.876766686432398856e+00
9.876668570868783803e+00
9.876571795965871203e+00
9.876476343498499233e+00
9.876382195485049920e+00
9.876289334187614344e+00
9.876197742106093358e+00
9.876107401976799594e+00
9.876018296767023585e+00
9.875930409677348365e+00
9.875843724129060419e+00
9.875758223772200139e+00
9.875673892474162940e+00
9.875590714321289099e+00
9.875508673615090771e+00
9.875427754866130670e+00
9.875347942796979694e+00
9.875269222335935737e+00
9.875191578613623733e+00
9.875114996963056058e+00
9.875039462913923316e+00
9.874964962193576667e+00
9.874891480718657633e+00
9.874819004600121630e+00
9.874747520134562251e+00
9.874677013804346259e+00
9.874607472274364639e+00
9.874538882391899364e+00
9.874471231179535735e+00
9.874404505838146662e+00
9.874338693738945238e+00
9.874273782425287749e+00
9.874209759611497716e+00
