7.999333472194733119e+00
7.999324192499377872e+00
7.999314783612845758e+00
7.999305243774706753e+00
7.999295571137809091e+00
7.999285763852959086e+00
7.999275820089640554e+00
7.999265737908983986e+00
7.999255515385468307e+00
7.999245150584636477e+00
7.999234641491242748e+00
7.999223986155971744e+00
7.999213182505005904e+00
7.999202228492032773e+00
7.999191122005157695e+00
7.999179860933412378e+00
7.999168443128185757e+00
7.999156866410476852e+00
7.999145128592800802e+00
7.999133227356673537e+00
7.999121160517293383e+00
7.999108925725687769e+00
7.999096520657653642e+00
7.999083942941752845e+00
7.999071190182816871e+00
7.999058259931931758e+00
7.999045149742716632e+00
7.999031857076524865e+00
7.999018379433374903e+00
7.999004714221890744e+00
7.998990858829798434e+00
7.998976810631820200e+00
7.998962566914019412e+00
7.998948124993390252e+00
7.998933482093278258e+00
7.998918635409938638e+00
7.998903582119828215e+00
7.998888319359507726e+00
7.998872844219212297e+00
7.998857153720599911e+00
7.998841244887294977e+00
7.998825114670290226e+00
7.998808760013056407e+00
7.998792177773410117e+00
7.998775364790872366e+00
7.998758317869345547e+00
7.998741033739995565e+00
7.998723509122187991e+00
7.998705740650714269e+00
7.998687724967685320e+00
7.998669458597903237e+00
7.998650938077903838e+00
7.998632159879663028e+00
7.998613120401389942e+00
7.998593816026782655e+00
7.998574243074301648e+00
7.998554397801497906e+00
7.998534276424398293e+00
7.998513875113179239e+00
7.998493189970102613e+00
7.998472217035614840e+00
7.998450952342123443e+00
7.998429391818672407e+00
7.998407531352758504e+00
7.998385366772447824e+00
7.998362893852384303e+00
7.998340108313760410e+00
7.998317005805366975e+00
7.998293581929460494e+00
7.998269832215874509e+00
7.998245752139026443e+00
7.998221337110771323e+00
7.998196582465086024e+00
7.998171483503607071e+00
7.998146035425858891e+00
7.998120233384939048e+00
7.998094072468979299e+00
7.998067547691857904e+00
7.998040653988403470e+00
7.998013386245315104e+00
7.997985739261808114e+00
7.997957707770209979e+00
7.997929286433834939e+00
7.997900469831932035e+00
7.997871252484695326e+00
7.997841628812330406e+00
7.997811593180042422e+00
7.997781139867992550e+00
7.997750263075078081e+00
7.997718956916746613e+00
7.997687215436574348e+00
7.997655032584719770e+00
7.997622402236646444e+00
7.997589318178611961e+00
7.997555774108198179e+00
7.997521763643558934e+00
7.997487280311225355e+00
7.997452317541132949e+00
7.997416868685608193e+00
7.997380926988453709e+00
7.997344485627182031e+00
7.997307537641383135e+00
7.997270076018494933e+00
7.997232093624043969e+00
7.997193583225848279e+00
7.997154537509491234e+00
7.997114949037431586e+00
7.997074810282243540e+00
7.997034113608345152e+00
7.996992851276881531e+00
7.996951015439846877e+00
7.996908598139007118e+00
7.996865591312878330e+00
7.996821986782133074e+00
7.996777776254286429e+00
7.996732951332204742e+00
7.996687503484024795e+00
7.996641424077351346e+00
7.996594704358756189e+00
7.996547335444591731e+00
7.996499308333716804e+00
7.996450613900940141e+00
7.996401242893298011e+00
7.996351185938954664e+00
7.996300433519593298e+00
7.996248976001332665e+00
7.996196803610081005e+00
7.996143906439291626e+00
7.996090274445855073e+00
7.996035897445183949e+00
7.995980765113698041e+00
7.995924866987105695e+00
7.995868192457772139e+00
7.995810730766767627e+00
7.995752471014828444e+00
7.995693402143261963e+00
7.995633512943452814e+00
7.995572792062144885e+00
7.995511227975279134e+00
7.995448809013972813e+00
7.995385523335256650e+00
7.995321358941387402e+00
7.995256303670307929e+00
7.995190345187269010e+00
7.995123470990822767e+00
7.995055668406954474e+00
7.994986924591041877e+00
7.994917226516363051e+00
7.994846560977838301e+00
7.994774914593065773e+00
7.994702273782229973e+00
7.994628624806953354e+00
7.994553953715894501e+00
7.994478246368386998e+00
7.994401488438383829e+00
7.994323665397306655e+00
7.994244762519484127e+00
7.994164764877370821e+00
7.994083657337878179e+00
7.994001424554917357e+00
7.993918050984312629e+00
7.993833520856832742e+00
7.993747818192713517e+00
7.993660926792755639e+00
7.993572830236823634e+00
7.993483511874044822e+00
7.993392954831216812e+00
7.993301142003303106e+00
7.993208056055640220e+00
7.993113679399794336e+00
7.993017994222143763e+00
7.992920982463019186e+00
7.992822625810998893e+00
7.992722905709159775e+00
7.992621803343615383e+00
7.992519299644474273e+00
7.992415375279676937e+00
7.992310010657877939e+00
7.992203185913670183e+00
7.992094880915947996e+00
7.991985075254340209e+00
7.991873748244467279e+00
7.991760878916079669e+00
7.991646446014724070e+00
7.991530427995393815e+00
7.991412803021239242e+00
7.991293548954656600e+00
7.991172643361613481e+00
7.991050063495503508e+00
7.990925786306499745e+00
7.990799788429201911e+00
7.990672046178689314e+00
7.990542535548149417e+00
7.990411232206210634e+00
7.990278111492485458e+00
7.990143148407534923e+00
7.990006317613178588e+00
7.989867593430120429e+00
7.989726949826501112e+00
7.989584360422257170e+00
7.989439798476031029e+00
7.989293236883046490e+00
7.989144648175616759e+00
7.988994004512216307e+00
7.988841277671065555e+00
7.988686439053213739e+00
7.988529459671211086e+00
7.988370310144700781e+00
7.988208960696292493e+00
7.988045381147755641e+00
7.987879540912376619e+00
7.987711408990350037e+00
7.987540953964848534e+00
7.987368143993970548e+00
7.987192946807085470e+00
7.987015329697839228e+00
7.986835259522721664e+00
7.986652702688394889e+00
7.986467625150841521e+00
7.986279992408972461e+00
7.986089769496504509e+00
7.985896920979072888e+00
7.985701410945863721e+00
7.985503203003293748e+00
7.985302260272039376e+00
7.985098545375771906e+00
7.984892020438718596e+00
7.984682647077156581e+00
7.984470386395369879e+00
7.984255198975148460e+00
7.984037044878943945e+00
7.983815883618688325e+00
7.983591674181933051e+00
7.983364375003957569e+00
7.983133943964618950e+00
7.982900338382295402e+00
7.982663515010401944e+00
7.982423430021883703e+00
7.982180039010410511e+00
7.981933296978201753e+00
7.981683158329867744e+00
7.981429576865044062e+00
7.981172505769555947e+00
7.980911897610955208e+00
7.980647704325974701e+00
7.980379877217011142e+00
7.980108366942337383e+00
7.979833123507364512e+00
7.979554096258787865e+00
7.979271233872288427e+00
7.978984484349821216e+00
7.978693795007264278e+00
7.978399112466108889e+00
7.978100382647727251e+00
7.977797550760972634e+00
7.977490561296316507e+00
7.977179358016097233e+00
7.976863883946344380e+00
7.976544081364704830e+00
7.976219891796023198e+00
7.975891256000050333e+00
7.975558113962700091e+00
7.975220404887566339e+00
7.974878067185452224e+00
7.974531038465047850e+00
7.974179255524336263e+00
7.973822654339281613e+00
7.973461170055363922e+00
7.973094736977035524e+00
7.972723288557132193e+00
7.972346757389072280e+00
7.971965075193179651e+00
7.971578172809158147e+00
7.971185980185906850e+00
7.970788426367487745e+00
7.970385439487998269e+00
7.969976946755645386e+00
7.969562874447428946e+00
7.969143147890321188e+00
7.968717691460813768e+00
7.968286428565469315e+00
7.967849281633511360e+00
7.967406172104632311e+00
7.966957020418120372e+00
7.966501746001296347e+00
7.966040267258967411e+00
7.965572501560089336e+00
7.965098365227870403e+00
7.964617773526565969e+00
7.964130640650811443e+00
7.963636879713847705e+00
7.963136402734157571e+00
7.962629120624839629e+00
7.962114943180926829e+00
7.961593779067028365e+00
7.961065535804883631e+00
7.960530119762408319e+00
7.959987436142966999e+00
7.959437388960230564e+00
7.958879881044442328e+00
7.958314814018824457e+00
7.957742088287030668e+00
7.957161603023866547e+00
7.956573256158932850e+00
7.955976944366338621e+00
7.955372563050682189e+00
7.954760006333108535e+00
7.954139167040041869e+00
7.953509936688715420e+00
7.952872205474330158e+00
7.952225862256540267e+00
7.951570794546389820e+00
7.950906888493339153e+00
7.950234028870380776e+00
7.949552099062973554e+00
7.948860981052758845e+00
7.948160555406174943e+00
7.947450701260247996e+00
7.946731296308652048e+00
7.946002216788536465e+00
7.945263337467038056e+00
7.944514531627137721e+00
7.943755671054606893e+00
7.942986626023714081e+00
7.942207265284272566e+00
7.941417456047717316e+00
7.940617063973490097e+00
7.939805953155152807e+00
7.938983986107477797e+00
7.938151023752362256e+00
7.937306925405435365e+00
7.936451548762780916e+00
7.935584749887223843e+00
7.934706383195203827e+00
7.933816301442735863e+00
7.932914355714112631e+00
7.932000395406131332e+00
7.931074268216349310e+00
7.930135820130777446e+00
7.929184895409258971e+00
7.928221336574111433e+00
7.927244984396460303e+00
7.926255677884376460e+00
7.925253254270135272e+00
7.924237548997402847e+00
7.923208395710185314e+00
7.922165626239914715e+00
7.921109070594154034e+00
7.920038556944174246e+00
7.918953911614694086e+00
7.917854959071648047e+00
7.916741521911526469e+00
7.915613420850291071e+00
7.914470474713415804e+00
7.913312500425092821e+00
7.912139312997617857e+00
7.910950725522678972e+00
7.909746549161799756e+00
7.908526593138610394e+00
7.907290664721139173e+00
7.906038569227323620e+00
7.904770110007143025e+00
7.903485088437600226e+00
7.902183303914897650e+00
7.900864553847709360e+00
7.899528633650219511e+00
7.898175336736000141e+00
7.896804454512506233e+00
7.895415776375307004e+00
7.894009089703807547e+00
7.892584179856638293e+00
7.891140830168084541e+00
7.889678821944438702e+00
7.888197934461778971e+00
7.886697944963983353e+00
7.885178628660592715e+00
7.883639758726772584e+00
7.882081106302679885e+00
7.880502440494074889e+00
7.878903528373635723e+00
7.877284134982622810e+00
7.875644023333884469e+00
7.873982954415111202e+00
7.872300687193055424e+00
7.870596978619009754e+00
7.868871583634266642e+00
7.867124255177243342e+00
7.865354744191234815e+00
7.863562799633019296e+00
7.861748168482500354e+00
7.859910595753619056e+00
7.858049824505801695e+00
7.856165595856949402e+00
7.854257648996999741e+00
7.852325721203283315e+00
7.850369547856578478e+00
7.848388862458301141e+00
7.846383396649428299e+00
7.844352880230051284e+00
7.842297041180835038e+00
7.840215605685175504e+00
7.838108298153424691e+00
7.835974841248139811e+00
7.833814955910574973e+00
7.831628361389116222e+00
7.829414775269768256e+00
7.827173913505367508e+00
7.824905490448862189e+00
7.822609218894693406e+00
7.820284810103629525e+00
7.817931973848370575e+00
7.815550418451628900e+00
7.813139850827597321e+00
7.810699976525446786e+00
7.808230499774916566e+00
7.805731123533210969e+00
7.803201549534858117e+00
7.800641478342667412e+00
7.798050609401341760e+00
7.795428641093119282e+00
7.792775270795211817e+00
7.790090194940383128e+00
7.787373109078502331e+00
7.784623707941432436e+00
7.781841685509974127e+00
7.779026735083063748e+00
7.776178549349485714e+00
7.773296820462221035e+00
7.770381240115132648e+00
7.767431499622459157e+00
7.764447290000744850e+00
7.761428302053526629e+00
7.758374226458794709e+00
7.755284753858890490e+00
7.752159574954013088e+00
7.748998380597572400e+00
7.745800861895093981e+00
7.742566710305952782e+00
7.739295617747838030e+00
7.735987276704621607e+00
7.732641380336937154e+00
7.729257622596048982e+00
7.725835698340710600e+00
7.722375303457490681e+00
7.718876134983811532e+00
7.715337891234727685e+00
7.711760271932542210e+00
7.708142978340098317e+00
7.704485713397132507e+00
7.700788181859955728e+00
7.697050090444653492e+00
7.693271147973665514e+00
7.689451065525619633e+00
7.685589556588666937e+00
7.681686337217330518e+00
7.677741126192737298e+00
7.673753645186085492e+00
7.669723618926109765e+00
7.665650775369268644e+00
7.661534845873903876e+00
7.657375565377801507e+00
7.653172672578756774e+00
7.648925910119257487e+00
7.644635024773743126e+00
7.640299767639771922e+00
7.635919894332554136e+00
7.631495165182268892e+00
7.627025345435193060e+00
7.622510205457762922e+00
7.617949520943787078e+00
7.613343073124876348e+00
7.608690648983849947e+00
7.603992041471158814e+00
7.599247049724014325e+00
7.594455479288658495e+00
7.589617142345020717e+00
7.584731857934297494e+00
7.579799452188857423e+00
7.574819758564617089e+00
7.569792618075749324e+00
7.564717879531461797e+00
7.559595399775017377e+00
7.554425043924481997e+00
7.549206685615141410e+00
7.543940207243520213e+00
7.538625500213673725e+00
7.533262465185183387e+00
7.527851012313733214e+00
7.522391061510770527e+00
7.516882542685959123e+00
7.511325395998481369e+00
7.505719572107468984e+00
7.500065032421954214e+00
7.494361749350857416e+00
7.488609706552348477e+00
7.482808899182598950e+00
7.476959334143423064e+00
7.471061030328777441e+00
7.465114018869592805e+00
7.459118343376802684e+00
7.453074060182236060e+00
7.446981238577042639e+00
7.440839961047328366e+00
7.434650323506682312e+00
7.428412435525328483e+00
7.422126420555401616e+00
7.415792416152128474e+00
7.409410574190553156e+00
7.402981061077404945e+00
7.396504057957634437e+00
7.389979760915561080e+00
7.383408381169785706e+00
7.376790145261992393e+00
7.370125295238769247e+00
7.363414088826429449e+00
7.356656799598268570e+00
7.349853717133711939e+00
7.343005147169376023e+00
7.336111411741121024e+00
7.329172849317276750e+00
7.322189814922337447e+00
7.315162680246946714e+00
7.308091833760633982e+00
7.300977680792071212e+00
7.293820643617958233e+00
7.286621161530748125e+00
7.279379690896657706e+00
7.272096705201104960e+00
7.264772695081754605e+00
7.257408168348258748e+00
7.250003649988964405e+00
7.242559682163833834e+00
7.235076824183387600e+00
7.227555652473373726e+00
7.219996760524856505e+00
7.212400758829484282e+00
7.204768274799502770e+00
7.197099952672655121e+00
7.189396453403221976e+00
7.181658454527667601e+00
7.173886650033908907e+00
7.166081750195353983e+00
7.158244481396621062e+00
7.150375585943615775e+00
7.142475821855729379e+00
7.134545962641666073e+00
7.126586797059013101e+00
7.118599128857147740e+00
7.110583776503817788e+00
7.102541572895265887e+00
7.094473365050032676e+00
7.086380013786658161e+00
7.078262393385204909e+00
7.070121391233111119e+00
7.061957907455262529e+00
7.053772854528724601e+00
7.045567156882433402e+00
7.037341750481952651e+00
7.029097582399924882e+00
7.020835610372317070e+00
7.012556802341054052e+00
7.004262135983417181e+00
6.995952598228644348e+00
6.987629184762254475e+00
6.979292899518608984e+00
6.970944754162346157e+00
6.962585767559056116e+00
6.954216965236096115e+00
6.945839378833889022e+00
6.937454045548589576e+00
6.929062007566628267e+00
6.920664311491981024e+00
6.912262007766661220e+00
6.903856150085489141e+00
6.895447794805559028e+00
6.887038000351379807e+00
6.878627826616427576e+00
6.870218334361793744e+00
6.861810584612933361e+00
6.853405638055052762e+00
6.845004554428206767e+00
6.836608391922702310e+00
6.828218206575822791e+00
6.819835051670434467e+00
6.811459977136571808e+00
6.803094028956579997e+00
6.794738248574669903e+00
6.786393672311789693e+00
6.778061330786401939e+00
6.769742248342077495e+00
6.761437442482561622e+00
6.753147923315097501e+00
6.744874693002711474e+00
6.736618745226147453e+00
6.728381064656045574e+00
6.720162626436242626e+00
6.711964395678483797e+00
6.703787326969425919e+00
6.695632363890362981e+00
6.687500438550277870e+00
6.679392471132640452e+00
6.671309369456528415e+00
6.663252028552482109e+00
6.655221330253530354e+00
6.647218142801733620e+00
6.639243320470598064e+00
6.631297703203702376e+00
6.623382116269887376e+00
6.615497369935072314e+00
6.607644259151080668e+00
6.599823563261637105e+00
6.592036045725613747e+00
6.584282453857742468e+00
6.576563518586326040e+00
6.568879954229358553e+00
6.561232458287538982e+00
6.553621711254923987e+00
6.546048376447169304e+00
6.538513099847046206e+00
6.531016509967320971e+00
6.523559217730746873e+00
6.516141816363831829e+00
6.508764881323513052e+00
6.501428970208282365e+00
6.494134622717668393e+00
6.486882360611881282e+00
6.479672687690422705e+00
6.472506089786107530e+00
6.465383034774435878e+00
6.458303972597537523e+00
6.451269335302869834e+00
6.444279537095777499e+00
6.437334974405863441e+00
6.430436025966706381e+00
6.423583052908393043e+00
6.416776398862526598e+00
6.410016390079390725e+00
6.403303335556555176e+00
6.396637527178773652e+00
6.390019239868552248e+00
6.383448731746922178e+00
6.376926244304106817e+00
6.370452002579461315e+00
6.364026215350282456e+00
6.357649075329128152e+00
6.351320759369035507e+00
6.345041428676196027e+00
6.338811229029831296e+00
6.332630291008535472e+00
6.326498730222908762e+00
6.320416647553715350e+00
6.314384129395586243e+00
6.308401247905387699e+00
6.302468061255160237e+00
6.296584613888975390e+00
6.290750936783542357e+00
6.284967047711955246e+00
6.279232951510413052e+00
6.273548640347257788e+00
6.267914093994291669e+00
6.262329280099718787e+00
6.256794154462654411e+00
6.251308661308534909e+00
6.245872733565481560e+00
6.240486293140977025e+00
6.235149251198751408e+00
6.229861508435561746e+00
6.224622955357487442e+00
6.219433472555604858e+00
6.214292930980733765e+00
6.209201192217010501e+00
6.204158108753984102e+00
6.199163524257191860e+00
6.194217273836846616e+00
6.189319184314502564e+00
6.184469074487502382e+00
6.179666755391001409e+00
6.174912030557497822e+00
6.170204696273569489e+00
6.165544541833766878e+00
6.160931349791532341e+00
6.156364896206960147e+00
6.151844950891308450e+00
6.147371277648231214e+00
6.142943634511379258e+00
6.138561773978634228e+00
6.134225443242692144e+00
6.129934384417777160e+00
6.125688334762820375e+00
6.121487026900609862e+00
6.117330189033152621e+00
6.113217545153217358e+00
6.109148815251582043e+00
6.105123715520611505e+00
6.101141958553716549e+00
6.097203253540664392e+00
6.093307306458910055e+00
6.089453820260922079e+00
6.085642495057256518e+00
6.081873028295736283e+00
6.078145114936507554e+00
6.074458447622974155e+00
6.070812716848701385e+00
6.067207611120437605e+00
6.063642817116955186e+00
6.060118019843893755e+00
6.056632902784961914e+00
6.053187148048696287e+00
6.049780436511898785e+00
6.046412447958726233e+00
6.043082861216354296e+00
6.039791354286601965e+00
6.036537604474055740e+00
6.033321288510263614e+00
6.030142082674474047e+00
6.026999662910777822e+00
6.023893704941674088e+00
6.020823884378097013e+00
6.017789876826095785e+00
6.014791357990192822e+00
6.011828003773233675e+00
6.008899490373101671e+00
6.006005494376230658e+00
6.003145692847992265e+00
6.000319763419772023e+00
5.997527384373285031e+00
5.994768234721784772e+00
5.992041994288266338e+00
5.989348343781076167e+00
5.986686964866291483e+00
5.984057540237847306e+00
5.981459753684491787e+00
5.978893290154602802e+00
5.976357835818012276e+00
5.973853078125428873e+00
5.971378705865621583e+00
5.968934409219971648e+00
5.966519879814692118e+00
5.964134810770948647e+00
5.961778896752409906e+00
5.959451834011050941e+00
5.957153320430490062e+00
5.954883055567314010e+00
5.952640740690630317e+00
5.950426078819337938e+00
5.948238774757647285e+00
5.946078535128791032e+00
5.943945068406713439e+00
5.941838084946197363e+00
5.939757297011367676e+00
5.937702418802108362e+00
5.935673166479290330e+00
5.933669258188277951e+00
5.931690414080872387e+00
5.929736356335833847e+00
5.927806809177835312e+00
5.925901498895264297e+00
5.924020153856466742e+00
5.922162504524789206e+00
5.920328283472202635e+00
5.918517225391989989e+00
5.916729067109848472e+00
5.914963547594227045e+00
5.913220407965448011e+00
5.911499391503189038e+00
5.909800243654077079e+00
5.908122712037140900e+00
5.906466546448940313e+00
5.904831498867499029e+00
5.903217323455489662e+00
5.901623776562291646e+00
5.900050616725089014e+00
5.898497604669871386e+00
5.896964503312519312e+00
5.895451077755387459e+00
5.893957095286818770e+00
5.892482325378434638e+00
5.891026539682379770e+00
5.889589512027157525e+00
5.888171018413762781e+00
5.886770837031038539e+00
5.885388748167714290e+00
5.884024534330006162e+00
5.882677980152520192e+00
5.881348872412027973e+00
5.880037000019449067e+00
5.878742154012280174e+00
5.877464127545551698e+00
5.876202715883468208e+00
5.874957716389469731e+00
5.873728928517028436e+00
5.872516153799232086e+00
5.871319195838589522e+00
5.870137860295969290e+00
5.868971954879856234e+00
5.867821289334637314e+00
5.866685675429174296e+00
5.865564926944773383e+00
5.864458859662851964e+00
5.863367291352740374e+00
5.862290041758899228e+00
5.861226932587981331e+00
5.860177787495807422e+00
5.859142432074119000e+00
5.858120693837047810e+00
5.857112402207678592e+00
5.856117388504046062e+00
5.855135485925327288e+00
5.854166529537765840e+00
5.853210356260719394e+00
5.852266804852137128e+00
5.851335715894077971e+00
5.850416931778544161e+00
5.849510296692780997e+00
5.848615656604774671e+00
5.847732859248123916e+00
5.846861754107788300e+00
5.846002192404929687e+00
5.845154027082221759e+00
5.844317112788946389e+00
5.843491305865912366e+00
5.842676464330889274e+00
5.841872447862836992e+00
5.841079117787939978e+00
5.840296337064001087e+00
5.839523970265338093e+00
5.838761883568261979e+00
5.838009944735955692e+00
5.837268023103124648e+00
5.836535989561676629e+00
5.835813716545390051e+00
5.835101078015014764e+00
5.834397949443975051e+00
5.833704207802687058e+00
5.833019731544519360e+00
5.832344400590698363e+00
5.831678096315831006e+00
5.831020701533019768e+00
5.830372100479751296e+00
5.829732178802799147e+00
5.829100823544325571e+00
5.828477923127269200e+00
5.827863367340840206e+00
5.827257047326755313e+00
5.826658855564484263e+00
5.826068685857790364e+00
5.825486433320086199e+00
5.824911994360844503e+00
5.824345266672111165e+00
5.823786149213775687e+00
5.823234542200705910e+00
5.822690347088901319e+00
5.822153466561705848e+00
5.821623804516958600e+00
5.821101266053029022e+00
5.820585757455961406e+00
5.820077186186225049e+00
5.819575460865862304e+00
5.819080491265013144e+00
5.818592188289768430e+00
5.818110463968647394e+00
5.817635231440507759e+00
5.817166404941827906e+00
5.816703899794025467e+00
5.816247632391109867e+00
5.815797520188026759e+00
5.815353481687596471e+00
5.814915436429122231e+00
5.814483304976058697e+00
5.814057008904213397e+00
5.813636470790030764e+00
5.813221614199147069e+00
5.812812363674603411e+00
5.812408644725464590e+00
5.812010383815008119e+00
5.811617508350568784e+00
5.811229946671347513e+00
5.810847628038037449e+00
5.810470482621272303e+00
5.810098441491568622e+00
5.809731436607969535e+00
5.809369400807812944e+00
5.809012267795710116e+00
5.808659972133775717e+00
5.808312449231095798e+00
5.807969635332943525e+00
5.807631467511631840e+00
5.807297883655905935e+00
5.806968822460861546e+00
5.806644223418642170e+00
5.806324026808517225e+00
5.806008173687109419e+00
5.805696605879543171e+00
5.805389265968678991e+00
5.805086097286941360e+00
5.804787043907569277e+00
5.804492050633339062e+00
5.804201062990484772e+00
5.803914027216595883e+00
5.803630890254898311e+00
5.803351599742870626e+00
5.803076104005866043e+00
5.802804352046336156e+00
5.802536293537258416e+00
5.802271878812906181e+00
5.802011058860226278e+00
5.801753785311957401e+00
5.801500010437065313e+00
5.801249687133243071e+00
5.801002768919825137e+00
5.800759209929119642e+00
5.800518964898240704e+00
5.800281989162857421e+00
5.800048238648680687e+00
5.799817669863176484e+00
5.799590239891005083e+00
5.799365906383068925e+00
5.799144627552527353e+00
5.798926362165281567e+00
5.798711069534126850e+00
5.798498709512292848e+00
5.798289242484526262e+00
5.798082629362141027e+00
5.797878831576126046e+00
5.797677811069038789e+00
5.797479530291119509e+00
5.797283952190626088e+00
5.797091040209624069e+00
5.796900758275890020e+00
5.796713070800156409e+00
5.796527942664537747e+00
5.796345339221159243e+00
5.796165226284322181e+00
5.795987570123338095e+00
5.795812337459483210e+00
5.795639495456248014e+00
5.795469011717815810e+00
5.795300854281046909e+00
5.795134991608566821e+00
5.794971392586737657e+00
5.794810026517765777e+00
5.794650863113763428e+00
5.794493872494046016e+00
5.794339025177268176e+00
5.794186292076362932e+00
5.794035644496253745e+00
5.793887054125232083e+00
5.793740493031044103e+00
5.793595933657446295e+00
5.793453348816852255e+00
5.793312711687903516e+00
5.793173995808833965e+00
5.793037175074309708e+00
5.792902223727593558e+00
5.792769116360968695e+00
5.792637827907499926e+00
5.792508333636131823e+00
5.792380609150196591e+00
5.792254630381248326e+00
5.792130373583566083e+00
5.792007815333393594e+00
5.791886932521495446e+00
5.791767702348431968e+00
5.791650102325531790e+00
5.791534110263843793e+00
5.791419704276124847e+00
5.791306862769650010e+00
5.791195564441486532e+00
5.791085788279285218e+00
5.790977513552070910e+00
5.790870719809524836e+00
5.790765386876844723e+00
5.790661494852976432e+00
5.790559024104942942e+00
5.790457955265918777e+00
5.790358269229427535e+00
5.790259947149883679e+00
5.790162970432850997e+00
5.790067320739215262e+00
5.789972979975355649e+00
5.789879930294314470e+00
5.789788154090077299e+00
5.789697633993746706e+00
5.789608352872591901e+00
5.789520293827978392e+00
5.789433440186783741e+00
5.789347775503953741e+00
5.789263283556920214e+00
5.789179948341876880e+00
5.789097754073151414e+00
5.789016685178582478e+00
5.788936726298183899e+00
5.788857862279058963e+00
5.788780078175352450e+00
5.788703359242324709e+00
5.788627690935352454e+00
5.788553058908992632e+00
5.788479449012406519e+00
5.788406847285368251e+00
5.788335239956852618e+00
